0, 14.720227 0.195801 0.702148;
1, 12.756803 0.557617 0.672852;
2, 12.832838 0.435547 0.631348;
3, 0.010095 0.950684 0.299805;
4, 8.207094 0.480957 0.125488;
5, 8.249166 0.277832 0.907227;
6, 8.816042 0.14209 0.15625;
7, 8.22749 0.540527 0.378906;
8, 2.973342 0.717773 0.544434;
9, 0.045401 0.974121 0.394043;
10, 6.96568 0.602539 0.017578;
11, 2.277176 0.723633 0.088867;
12, 8.636698 0.37793 0.536133;
13, 6.917471 0.63623 0.003906;
14, 2.272572 0.714355 0.201172;
15, 6.972815 0.592773 0.72168;
16, 6.998882 0.522461 0.080078;
17, 6.937756 0.612305 0.29541;
18, 0.040746 0.957031 0.283203;
19, 0.030415 0.820801 0.000977;
20, 12.539848 0.318359 0.816895;
21, 12.594761 0.202637 0.187988;
22, 0.064372 0.976562 0.04541;
23, 15.745436 0.634766 0.804688;
24, 0.019297 0.754395 0.333008;
25, 6.889682 0.613281 0.144531;
26, 12.230501 0.083984 0.203125;
27, 12.21671 0.092285 0.947266;
28, 12.200503 0.117676 0.496582;
29, 6.891791 0.523926 0.211426;
30, 6.940951 0.402832 0.641113;
31, 6.972905 0.230469 0.126953;
32, 0.055244 0.872559 0.186523;
33, 10.36484 0.37793 0.772949;
34, 8.697767 0.597168 0.424805;
35, 8.714588 0.500977 0.651367;
36, 8.706475 0.594727 0.612305;
37, 8.677302 0.518066 0.345703;
38, 8.691132 0.412109 0.671875;
39, 2.505964 0.713867 0.327148;
40, 10.7549 0.311035 0.532227;
41, 10.721523 0.271484 0.972656;
42, 10.841724 0.180176 0.626953;
43, 10.734336 0.304688 0.069336;
44, 10.918628 0.194824 0.875488;
45, 6.977109 0.666992 0.84668;
46, 11.149596 0.086426 0.085938;
47, 7.151194 0.576172 0.919922;
48, 0.039002 0.785156 0.436523;
49, 14.977797 0.192383 0.967285;
50, 0.038141 0.802734 0.721191;
51, 0.02037 0.971191 0.5;
52, 23.145847 0.174805 0.294434;
53, 23.142862 0.10498 0.375488;
54, 23.137709 0.180176 0.278809;
55, 0.197499 0.889648 0.360352;
56, 7.637165 0.501953 0.90918;
57, 10.505142 0.109375 0.425293;
58, 10.507487 0.197266 0.331055;
59, 10.457504 0.074219 0.917969;
60, 0.101709 0.76123 0.895996;
61, 47.968525 0.176758 0.981934;
62, 11.488866 0.472656 0.190918;
63, 11.498337 0.420898 0.874512;
64, 12.97299 0.012695 0.812988;
65, 0.041474 0.97998 0.931641;
66, 0.038687 0.768555 0.27832;
67, 12.812306 0.152832 0.355469;
68, 12.521977 0.51416 0.545898;
69, 0.030931 0.794922 0.866699;
70, 15.301147 0.187988 0.240723;
71, 5.906485 0.703125 0.531738;
72, 15.762349 0.093262 0.248047;
73, 5.896371 0.723633 0.326172;
74, 0.023073 0.891113 0.635254;
75, 0.059129 0.832031 0.257324;
76, 18.193676 0.266602 0.183594;
77, 18.251122 0.199219 0.421387;
78, 18.239342 0.135742 0.663574;
79, 18.233706 0.204102 0.664062;
80, 0.110903 0.766602 0.95752;
81, 10.303354 0.337891 0.578613;
82, 11.382633 0.14209 0.20459;
83, 0.282032 0.885254 0.869629;
84, 0.014671 0.974609 0.319824;
85, 0.009464 0.805176 0.084961;
86, 0.015413 0.813965 0.559082;
87, 16.339474 0.575684 0.316406;
88, 16.322983 0.67041 0.52832;
89, 16.327978 0.59375 0.569824;
90, 14.947596 0.725098 0.96875;
91, 18.659496 0.30957 0.707031;
92, 0.335357 0.733887 0.219727;
93, 10.704266 0.209473 0.766602;
94, 10.678129 0.263184 0.259766;
95, 10.691412 0.438477 0.608887;
96, 0.013477 0.973633 0.543945;
97, 24.191755 0.083008 0.196289;
98, 23.415668 0.449707 0.010254;
99, 23.424635 0.291992 0.726562;
100, 0.644524 0.733887 0.351562;
101, 7.181851 0.487793 0.093262;
102, 7.221795 0.220703 0.807129;
103, 0.283347 0.741211 0.404297;
104, 0.283082 0.737793 0.765625;
105, 10.837927 0.154785 0.287109;
106, 0.047872 0.762695 0.102539;
107, 16.283113 0.010254 0.217773;
108, 15.118692 0.447754 0.496582;
109, 8.546098 0.550781 0.651367;
110, 9.362714 0.161133 0.980469;
111, 8.517685 0.541016 0.810547;
112, 11.435728 0.106445 0.311035;
113, 0.09965 0.958496 0.744141;
114, 14.939947 0.008789 0.67627;
115, 0.467322 0.89209 0.562012;
116, 7.859 0.468262 0.162598;
117, 0.09305 0.938477 0.008789;
118, 0.00661 0.87793 0.460449;
119, 15.606409 0.268066 0.369629;
120, 0.046046 0.749023 0.771484;
121, 14.817362 0.089844 0.571289;
122, 0.254217 0.899414 0.958008;
123, 7.132744 0.545898 0.835938;
124, 9.527261 0.067871 0.296875;
125, 7.369615 0.248535 0.437012;
126, 7.317058 0.357422 0.272949;
127, 7.816177 0.171387 0.146484;
128, 7.344097 0.491699 0.807617;
129, 7.336987 0.362793 0.428223;
130, 7.315065 0.432129 0.446777;
131, 0.13246 0.913086 0.632324;
132, 0.019222 0.781738 0.632812;
133, 16.489416 0.026855 0.288086;
134, 16.489273 0.005859 0.997559;
135, 15.351349 0.298828 0.180176;
136, 15.433796 0.187988 0.353516;
137, 15.333884 0.459961 0.255371;
138, 15.328694 0.363281 0.442383;
139, 15.33969 0.238281 0.552246;
140, 0.038771 0.763184 0.864258;
141, 0.022744 0.741699 0.208008;
142, 6.919352 0.563965 0.057617;
143, 7.516485 0.212402 0.479492;
144, 7.437063 0.507812 0.326172;
145, 0.024825 0.854492 0.009766;
146, 0.00718 0.782227 0.351562;
147, 12.808722 0.642578 0.63916;
148, 13.178792 0.410156 0.19873;
149, 13.136041 0.217285 0.987305;
150, 12.795027 0.60791 0.785156;
151, 7.281532 0.700684 0.457031;
152, 0.649109 0.738281 0.884766;
153, 10.5859 0.162109 0.520996;
154, 10.157455 0.370117 0.887695;
155, 6.636725 0.667969 0.161621;
156, 0.241394 0.739746 0.503906;
157, 0.018697 0.829102 0.750488;
158, 3.174965 0.674805 0.991211;
159, 3.418818 0.503906 0.196289;
160, 4.369917 0.163574 0.771973;
161, 4.394171 0.007324 0.580078;
162, 4.344317 0.186035 0.345215;
163, 0.186865 0.945312 0.101074;
164, 9.715466 0.275391 0.562988;
165, 0.085987 0.875977 0.279785;
166, 7.760136 0.509766 0.354004;
167, 7.806746 0.538086 0.567871;
168, 7.889172 0.262695 0.090332;
169, 2.547138 0.712891 0.736328;
170, 7.872788 0.408203 0.851074;
171, 9.943058 0.086426 0.500977;
172, 0.171395 0.833496 0.09375;
173, 0.039077 0.796875 0.537109;
174, 15.764132 0.202637 0.733887;
175, 15.732674 0.236328 0.703125;
176, 15.734792 0.098145 0.514648;
177, 15.729998 0.196289 0.716797;
178, 15.725218 0.194336 0.19043;
179, 15.727448 0.487793 0.633301;
180, 15.734056 0.226562 0.59668;
181, 12.615152 0.668457 0.613281;
182, 10.684629 0.693848 0.255371;
183, 12.923543 0.428223 0.448242;
184, 0.083441 0.814941 0.202148;
185, 6.961687 0.591309 0.230469;
186, 8.301428 0.240234 0.543457;
187, 2.467326 0.686523 0.11084;
188, 0.010757 0.975098 0.59082;
189, 11.597458 0.393066 0.495605;
190, 0.031287 0.767578 0.962891;
191, 0.023827 0.905273 0.460449;
192, 9.08037 0.394043 0.645508;
193, 9.032684 0.289551 0.793457;
194, 9.136626 0.199707 0.214844;
195, 9.072231 0.321289 0.961914;
196, 2.467678 0.695801 0.208984;
197, 11.095164 0.336914 0.797852;
198, 7.475825 0.52002 0.22998;
199, 0.014938 0.75 0.042969;
200, 15.979481 0.165039 0.138184;
201, 7.77012 0.669922 0.079102;
202, 8.042623 0.469727 0.711426;
203, 8.039759 0.444336 0.068359;
204, 8.009586 0.31543 0.470215;
205, 9.340433 0.004395 0.645508;
206, 8.052502 0.27832 0.345215;
207, 8.830523 0.088379 0.226562;
208, 8.04562 0.424316 0.907715;
209, 7.962233 0.568359 0.791504;
210, 8.193844 0.428711 0.491211;
211, 8.206937 0.251465 0.299805;
212, 7.96956 0.608887 0.107422;
213, 0.057324 0.787598 0.470215;
214, 13.162515 0.340332 0.524414;
215, 13.169708 0.229492 0.248047;
216, 0.053045 0.984863 0.324219;
217, 14.701248 0.262207 0.834961;
218, 14.810802 0.021973 0.691406;
219, 14.725892 0.479004 0.53418;
220, 16.484861 0.080566 0.776855;
221, 16.476555 0.040039 0.179199;
222, 9.719816 0.596191 0.899902;
223, 0.01344 0.883301 0.888184;
224, 6.914778 0.595703 0.549805;
225, 0.037765 0.875488 0.483398;
226, 9.548394 0.367188 0.768066;
227, 9.531096 0.355469 0.42627;
228, 9.542338 0.349121 0.997559;
229, 0.083067 0.975098 0.537598;
230, 18.736017 0.032227 0.728516;
231, 2.610897 0.723633 0.833008;
232, 10.641621 0.194824 0.787598;
233, 10.670549 0.188965 0.495117;
234, 10.505942 0.313477 0.585938;
235, 10.499846 0.382812 0.671875;
236, 10.496022 0.311523 0.645996;
237, 0.0176 0.76709 0.467285;
238, 0.679368 0.71582 0.719727;
239, 0.693826 0.730957 0.127441;
240, 7.078142 0.48291 0.321289;
241, 10.928431 0.09082 0.956543;
242, 0.126819 0.82959 0.342285;
243, 0.632621 0.714844 0.67334;
244, 0.021293 0.988281 0.427246;
245, 17.457691 0.163086 0.309082;
246, 0.135032 0.824219 0.220215;
247, 12.883359 0.274902 0.777832;
248, 13.16078 0.02002 0.306152;
249, 2.325416 0.697266 0.875488;
250, 12.126911 0.452637 0.394531;
251, 0.039689 0.784668 0.688477;
252, 2.135359 0.687012 0.70166;
253, 8.336073 0.314453 0.074219;
254, 8.321754 0.391113 0.067871;
255, 8.30782 0.516113 0.356934;
256, 8.319269 0.314453 0.449219;
257, 9.931415 0.074707 0.820312;
258, 8.320035 0.430664 0.48584;
259, 2.764293 0.604004 0.785156;
260, 0.03021 0.750488 0.27832;
261, 7.448957 0.576172 0.983398;
262, 7.910668 0.400391 0.427734;
263, 0.073772 0.970703 0.814941;
264, 22.259363 0.083496 0.364746;
265, 0.008896 0.98291 0.848633;
266, 11.14241 0.333984 0.687012;
267, 11.922029 0.145996 0.574707;
268, 11.170192 0.450684 0.915039;
269, 11.169313 0.416016 0.17041;
270, 11.136565 0.490723 0.791016;
271, 11.156221 0.510254 0.642578;
272, 11.352937 0.196777 0.880859;
273, 11.169781 0.308594 0.520996;
274, 11.169485 0.465332 0.574219;
275, 0.101718 0.881836 0.645508;
276, 8.822721 0.444824 0.461914;
277, 10.042036 0.123535 0.171387;
278, 8.775167 0.439453 0.921875;
279, 33.76495 0.304199 0.372559;
280, 34.131084 0.102539 0.111328;
281, 0.015339 0.98877 0.963867;
282, 8.796309 0.450195 0.242676;
283, 2.515218 0.71582 0.398926;
284, 12.427467 0.060059 0.097656;
285, 12.410163 0.050781 0.138184;
286, 0.103459 0.811035 0.134766;
287, 0.033259 0.890625 0.833984;
288, 0.046108 0.729004 0.216309;
289, 7.346472 0.45459 0.989258;
290, 7.485166 0.182617 0.961914;
291, 0.178618 0.918945 0.505859;
292, 0.00929 0.827148 0.872559;
293, 7.082115 0.650391 0.542969;
294, 10.827449 0.026855 0.287109;
295, 7.111207 0.663086 0.734863;
296, 9.598863 0.311523 0.054199;
297, 9.582062 0.275391 0.098633;
298, 0.058421 0.839844 0.30957;
299, 0.023592 0.748047 0.243652;
300, 0.055652 0.76709 0.12793;
301, 14.322166 0.056152 0.406738;
302, 6.349831 0.686523 0.558105;
303, 6.576726 0.608398 0.527344;
304, 6.605321 0.487793 0.459473;
305, 8.946616 0.02002 0.190918;
306, 0.128961 0.766602 0.681152;
307, 8.513855 0.45752 0.902832;
308, 10.424181 0.006348 0.074707;
309, 0.127073 0.752441 0.264648;
310, 0.009392 0.883301 0.140625;
311, 13.212295 0.345215 0.584961;
312, 7.592647 0.658691 0.446777;
313, 11.629843 0.034668 0.299316;
314, 7.598455 0.675293 0.722168;
315, 0.022283 0.999023 0.322754;
316, 12.445084 0.385254 0.331055;
317, 12.734499 0.164551 0.666016;
318, 12.43766 0.458496 0.567871;
319, 0.00871 0.795898 0.475098;
320, 13.278853 0.507812 0.16748;
321, 0.060404 0.756836 0.750488;
322, 13.401772 0.127441 0.166016;
323, 0.226587 0.902344 0.983398;
324, 8.335593 0.418457 0.502441;
325, 8.004069 0.608398 0.96875;
326, 9.076618 0.321777 0.900391;
327, 0.018509 0.792969 0.263672;
328, 14.634576 0.446777 0.225586;
329, 15.235789 0.125488 0.462891;
330, 0.222621 0.962402 0.020508;
331, 18.296644 0.226562 0.483398;
332, 0.13604 0.922852 0.014648;
333, 21.961504 0.234863 0.993652;
334, 11.522045 0.539062 0.696289;
335, 11.591869 0.346191 0.251953;
336, 11.589987 0.219727 0.152832;
337, 11.485414 0.580566 0.478516;
338, 0.04329 0.770996 0.414062;
339, 9.557974 0.408203 0.01416;
340, 10.206347 0.154297 0.551758;
341, 0.025367 0.995117 0.937988;
342, 9.086622 0.420898 0.886719;
343, 0.108752 0.90625 0.005371;
344, 9.063781 0.463867 0.48877;
345, 10.080773 0.140625 0.319824;
346, 8.954526 0.539062 0.264648;
347, 10.8724 0. 0.60498;
348, 2.849355 0.715332 0.516113;
349, 12.122108 0.63623 0.668945;
350, 12.924141 0.374512 0.986816;
351, 15.493394 0.063477 0.275879;
352, 2.844524 0.717773 0.272949;
353, 7.951538 0.444824 0.09668;
354, 7.130642 0.662109 0.181641;
355, 7.134406 0.678223 0.849609;
356, 47.083782 0.299805 0.907715;
357, 47.084408 0.400879 0.10498;
358, 33.936188 0.436523 0.437012;
359, 33.94347 0.35498 0.796387;
360, 33.95145 0.462891 0.217773;
361, 0.048587 0.826172 0.854004;
362, 16.63419 0.202148 0.696777;
363, 16.597349 0.455566 0.92334;
364, 14.411231 0.562012 0.547852;
365, 14.623903 0.357422 0.993164;
366, 14.619194 0.492676 0.244629;
367, 15.829206 0.083008 0.141602;
368, 14.632989 0.333008 0.537109;
369, 15.92915 0.023926 0.010742;
370, 15.919783 0.201172 0.079102;
371, 14.630236 0.444824 0.444336;
372, 14.632525 0.474121 0.464844;
373, 0.005374 0.991699 0.231934;
374, 2.115197 0.692383 0.792969;
375, 0.019388 0.843262 0.397461;
376, 7.719402 0.48291 0.567383;
377, 7.740769 0.265137 0.117188;
378, 7.720762 0.3125 0.618164;
379, 7.751417 0.425781 0.26709;
380, 0.052818 0.809082 0.331055;
381, 1.485374 0.699219 0.992676;
382, 48.686382 0.051758 0.974121;
383, 48.317928 0.331543 0.14502;
384, 35.230202 0.415039 0.468262;
385, 0.056471 0.85791 0.664551;
386, 7.556284 0.493164 0.342285;
387, 7.566858 0.217773 0.480469;
388, 7.587792 0.206055 0.539062;
389, 7.585621 0.214355 0.697754;
390, 7.560059 0.210449 0.453125;
391, 7.508045 0.312012 0.397949;
392, 2.354469 0.70459 0.942383;
393, 0.006124 0.945801 0.973633;
394, 9.897601 0.381836 0.500488;
395, 12.486877 0.070801 0.835449;
396, 12.520362 0.024902 0.751953;
397, 8.586385 0.57959 0.791992;
398, 9.198494 0.223633 0.600586;
399, 8.5832 0.547852 0.866699;
400, 8.596035 0.540039 0.34375;
401, 8.579706 0.555176 0.870117;
