0, 0.19502 0.746582 0.259766;
1, 0.021327 0.749023 0.807617;
2, 8.516654 0.38623 0.774902;
3, 0.019174 0.837402 0.580566;
4, 0.557364 0.714844 0.401855;
5, 12.010639 0.120117 0.631348;
6, 12.020688 0.023438 0.533203;
7, 7.082498 0.577148 0.133789;
8, 7.087475 0.496094 0.458984;
9, 0.07591 0.866699 0.486328;
10, 0.0244 0.916504 0.882812;
11, 8.578489 0.43457 0.819336;
12, 0.011732 0.95459 0.534668;
13, 16.367088 0.186523 0.092773;
14, 16.37055 0.144531 0.048828;
15, 0.145169 0.970703 0.314941;
16, 7.491957 0.547852 0.390137;
17, 0.031578 0.779297 0.221191;
18, 5.324237 0.666992 0.544434;
19, 10.420604 0.073242 0.953613;
20, 10.402568 0.052246 0.964844;
21, 4.369369 0.70752 0.244629;
22, 9.136052 0.645508 0.796875;
23, 0.0111 0.780762 0.584473;
24, 48.673576 0.131836 0.995117;
25, 48.498772 0.28418 0.085449;
26, 0.126508 0.912109 0.508789;
27, 17.494684 0.604492 0.438477;
28, 18.022173 0.332031 0.330078;
29, 18.682209 0.131836 0.941406;
30, 0.093955 0.811035 0.490723;
31, 21.622475 0.23877 0.739746;
32, 21.620117 0.458496 0.087402;
33, 22.446234 0.030762 0.160156;
34, 22.448751 0.026855 0.459473;
35, 0.260094 0.933594 0.62207;
36, 7.146599 0.560059 0.118652;
37, 0.04287 0.964355 0.749512;
38, 17.794325 0.275391 0.085938;
39, 17.800762 0.436035 0.285645;
40, 17.807297 0.50293 0.181641;
41, 7.443319 0.622559 0.479004;
42, 10.841141 0.047363 0.69043;
43, 9.007312 0.421387 0.115723;
44, 0.030388 0.817871 0.46582;
45, 0.055377 0.738281 0.890625;
46, 7.126434 0.462402 0.438965;
47, 0.060584 0.940918 0.053711;
48, 19.335222 0.259277 0.091309;
49, 19.327721 0.435059 0.497559;
50, 19.397013 0.178711 0.794922;
51, 19.318184 0.366699 0.89209;
52, 0.063001 0.977539 0.368652;
53, 0.01637 0.893555 0.574707;
54, 0.040992 0.979492 0.074219;
55, 11.947577 0.105469 0.865723;
56, 0.347057 0.895996 0.944824;
57, 16.314669 0.272461 0.138672;
58, 16.453678 0.174805 0.213867;
59, 0.088753 0.862305 0.053711;
60, 20.885891 0.3125 0.407227;
61, 0.569394 0.736816 0.071289;
62, 13.384462 0.120605 0.001953;
63, 11.73112 0.45459 0.243164;
64, 0.011715 0.808105 0.116211;
65, 7.358607 0.501465 0.854492;
66, 0.028047 0.853027 0.055664;
67, 9.894279 0.410645 0.308105;
68, 9.49786 0.577148 0.697754;
69, 9.543796 0.457031 0.45459;
70, 0.081507 0.901855 0.662598;
71, 6.992972 0.586914 0.268066;
72, 0.007654 0.816895 0.481934;
73, 0.005788 0.874512 0.345215;
74, 17.318602 0.600098 0.451172;
75, 17.324612 0.51123 0.437012;
76, 17.325058 0.66748 0.931152;
77, 17.356009 0.546875 0.125977;
78, 0.008264 0.950684 0.317871;
79, 7.689859 0.51709 0.893066;
80, 7.690371 0.53418 0.791504;
81, 7.771816 0.44043 0.978516;
82, 0.02578 0.887695 0.092773;
83, 7.995884 0.486816 0.814453;
84, 7.977188 0.477539 0.495117;
85, 8.019159 0.21875 0.499512;
86, 8.014977 0.408203 0.732422;
87, 10.039783 0.068359 0.100098;
88, 10.013917 0.153809 0.688477;
89, 0.355398 0.848633 0.884277;
90, 21.533417 0.320801 0.888672;
91, 22.199854 0.018555 0.510742;
92, 21.529814 0.269043 0.663086;
93, 21.53031 0.393066 0.34082;
94, 21.53299 0.337402 0.526367;
95, 22.079672 0.149414 0.43457;
96, 0.071387 0.976074 0.93457;
97, 0.49428 0.708984 0.047363;
98, 10.766918 0.250488 0.36084;
99, 0.049587 0.811523 0.224121;
100, 20.194359 0.045898 0.163574;
101, 20.180868 0.058594 0.021973;
102, 0.197917 0.831055 0.101562;
103, 17.486237 0.255371 0.919922;
104, 18.085541 0.162109 0.405762;
105, 0.107051 0.763672 0.090332;
106, 0.022975 0.991699 0.315918;
107, 15.99722 0.021973 0.695312;
108, 0.194261 0.810547 0.714844;
109, 0.056243 0.858398 0.649414;
110, 9.181771 0.435059 0.297852;
111, 9.188734 0.213379 0.677734;
112, 9.203353 0.085938 0.055176;
113, 0.066354 0.984863 0.536133;
114, 16.495775 0.018066 0.534668;
115, 16.492111 0.182129 0.447266;
116, 15.317404 0.311035 0.396973;
117, 10.068838 0.53125 0.966797;
118, 11.748572 0.033691 0.226074;
119, 11.74198 0.18457 0.004395;
120, 9.964573 0.578125 0.885254;
121, 10.457685 0.289551 0.816895;
122, 10.467403 0.420898 0.951172;
123, 10.453301 0.39209 0.765625;
124, 0.057156 0.963867 0.519531;
125, 16.094254 0.009277 0.820801;
126, 16.090536 0.205078 0.624512;
127, 14.913466 0.458008 0.929199;
128, 16.57163 0.108398 0.96582;
129, 16.570023 0.081543 0.684082;
130, 0.246091 0.90918 0.323242;
131, 8.750982 0.439941 0.792969;
132, 8.614738 0.601074 0.848633;
133, 2.588777 0.70166 0.064453;
134, 0.035108 0.833008 0.83252;
135, 13.563389 0.607422 0.235352;
136, 13.574962 0.585938 0.29834;
137, 13.58092 0.5625 0.993164;
138, 0.050637 0.863281 0.230957;
139, 0.025908 0.935547 0.493652;
140, 7.651443 0.498047 0.666992;
141, 0.014998 0.977051 0.880859;
142, 1.148453 0.69873 0.322754;
143, 7.236979 0.439941 0.281738;
144, 7.2364 0.304688 0.966797;
145, 0.012424 0.961426 0.954102;
146, 12.997965 0.338867 0.451172;
147, 12.978395 0.354004 0.413574;
148, 12.955949 0.435547 0.303223;
149, 7.318075 0.676758 0.231445;
150, 0.013289 0.94043 0.34668;
151, 0.02369 0.865723 0.658203;
152, 0.678156 0.708984 0.882324;
153, 0.008108 0.871582 0.315918;
154, 7.808931 0.483887 0.674316;
155, 7.819937 0.500488 0.578613;
156, 9.859042 0.078125 0.439941;
157, 0.254684 0.898926 0.694336;
158, 18.727617 0.025879 0.803223;
159, 0.273689 0.841797 0.657227;
160, 10.21887 0.37793 0.395508;
161, 8.754404 0.55127 0.787598;
162, 0.050301 0.827148 0.174316;
163, 9.435421 0.414551 0.742676;
164, 11.923381 0.082031 0.491211;
165, 0.088122 0.960449 0.665039;
166, 13.985407 0.299316 0.434082;
167, 14.0227 0.214844 0.623047;
168, 13.996846 0.404785 0.139648;
169, 0.038539 0.919434 0.76709;
170, 0.045602 0.916016 0.481934;
171, 18.177723 0.141602 0.339355;
172, 17.815859 0.265625 0.404785;
173, 17.785315 0.354492 0.75293;
174, 9.727387 0.568359 0.138672;
175, 7.474025 0.67334 0.707031;
176, 0.008978 0.987793 0.121094;
177, 0.046893 0.737793 0.680664;
178, 11.68256 0.080078 0.80957;
179, 7.164897 0.589355 0.654785;
180, 7.154725 0.566895 0.750977;
181, 7.303923 0.438477 0.464355;
182, 0.59976 0.699219 0.636719;
183, 0.020803 0.784668 0.206055;
184, 18.257343 0.030762 0.38623;
185, 0.222878 0.940918 0.812012;
186, 15.05771 0.141602 0.695312;
187, 2.55649 0.694824 0.005371;
188, 8.327987 0.395508 0.799316;
189, 7.512208 0.570312 0.229004;
190, 8.149001 0.208008 0.790527;
191, 7.066483 0.619141 0.109375;
192, 8.874717 0.195312 0.289062;
193, 7.007541 0.552734 0.554199;
194, 7.331086 0.226074 0.958984;
195, 7.347996 0.188477 0.729492;
196, 0.244114 0.746094 0.560547;
197, 12.136575 0.15625 0.47998;
198, 6.794852 0.641113 0.913574;
199, 0.012723 0.899902 0.966309;
200, 18.394159 0.259277 0.459961;
201, 18.394073 0.296875 0.855957;
202, 18.395805 0.39209 0.507324;
203, 18.397526 0.385742 0.489746;
204, 0.115859 0.894531 0.771484;
205, 0.024862 0.84082 0.45459;
206, 0.023972 0.778809 0.081543;
207, 11.110318 0.404785 0.232422;
208, 9.913439 0.633301 0.977539;
209, 0.052966 0.851562 0.76709;
210, 8.970591 0.415527 0.072266;
211, 0.020446 0.794922 0.128418;
212, 3.632974 0.675781 0.337402;
213, 7.260018 0.244141 0.822754;
214, 0.019627 0.998047 0.492188;
215, 18.351526 0.060059 0.615723;
216, 17.332947 0.327637 0.731445;
217, 17.32021 0.220215 0.381348;
218, 10.113248 0.602539 0.082031;
219, 0.014028 0.742676 0.103027;
220, 9.673606 0.63916 0.749512;
221, 11.344645 0.193359 0.468262;
222, 11.325484 0.102539 0.633789;
223, 0.143932 0.828613 0.741211;
224, 0.031897 0.755859 0.17334;
225, 8.667715 0.644043 0.750977;
226, 0.009193 0.784668 0.258789;
227, 12.749975 0.370117 0.849121;
228, 12.752151 0.289062 0.277344;
229, 9.338616 0.719727 0.609375;
230, 0.017463 0.876953 0.942383;
231, 9.174063 0.405273 0.483887;
232, 12.23349 0.101074 0.754883;
233, 12.262794 0.228027 0.848633;
234, 2.318634 0.717773 0.943359;
235, 0.033832 0.995117 0.55957;
236, 11.411197 0.383789 0.495117;
237, 0.026386 0.919434 0.973633;
238, 0.014874 0.825195 0.896973;
239, 0.028275 0.996094 0.199219;
240, 0.011751 0.85498 0.987305;
241, 7.194434 0.652832 0.222656;
242, 11.139651 0.041992 0.11084;
243, 11.152886 0.12207 0.782227;
244, 0.085977 0.790039 0.621582;
245, 12.289343 0.341797 0.383301;
246, 13.966198 0.058105 0.926758;
247, 0.095991 0.804688 0.916016;
248, 10.604022 0.521484 0.72998;
249, 0.018773 0.835938 0.300293;
250, 0.008765 0.844238 0.650391;
251, 8.417857 0.429199 0.512695;
252, 0.068269 0.933105 0.510254;
253, 9.202266 0.426758 0.027344;
254, 9.253884 0.218262 0.87207;
255, 9.292212 0.184082 0.910645;
256, 9.05548 0.521973 0.834473;
257, 10.864849 0.006836 0.303711;
258, 9.080392 0.241211 0.594238;
259, 9.118263 0.053711 0.216797;
260, 9.078508 0.430176 0.313477;
261, 9.043812 0.405762 0.285645;
262, 9.206175 0.177246 0.19043;
263, 9.266019 0.174805 0.011719;
264, 7.708957 0.652344 0.43457;
265, 0.037898 0.833496 0.052246;
266, 5.205143 0.665527 0.968262;
267, 4.441658 0.727539 0.811035;
268, 4.44422 0.705078 0.84668;
269, 16.377394 0.155762 0.309082;
270, 16.172585 0.498047 0.827637;
271, 4.445797 0.725586 0.745605;
272, 8.007194 0.544922 0.016113;
273, 0.006293 0.924805 0.521973;
274, 0.004189 0.802734 0.063965;
275, 23.816916 0.169434 0.088379;
276, 23.818947 0.006348 0.630859;
277, 23.820181 0.038086 0.95166;
278, 0.115992 0.812988 0.605469;
279, 20.522741 0.009766 0.714355;
280, 20.523146 0.158691 0.338867;
281, 15.662219 0.543457 0.515625;
282, 15.763325 0.254395 0.486816;
283, 15.759089 0.274414 0.13623;
284, 15.940482 0.020508 0.12207;
285, 0.37927 0.846191 0.749512;
286, 0.037923 0.829102 0.746094;
287, 39.537041 0.266602 0.853027;
288, 0.058401 0.777832 0.504395;
289, 11.980374 0.342285 0.773926;
290, 8.459076 0.630371 0.121094;
291, 0.03126 0.844238 0.581055;
292, 8.828088 0.399902 0.759766;
293, 8.848233 0.490234 0.356445;
294, 10.731701 0.068848 0.854492;
295, 10.698893 0.02832 0.220703;
296, 8.848224 0.310547 0.446289;
297, 8.86311 0.350098 0.089844;
298, 8.153671 0.605957 0.69043;
299, 0.01752 0.982422 0.76709;
300, 7.943199 0.492188 0.333496;
301, 7.948438 0.428223 0.880371;
302, 46.953854 0.311035 0.993164;
303, 7.69815 0.623047 0.539551;
304, 11.131272 0.09375 0.136719;
305, 0.616392 0.736816 0.052734;
306, 11.661685 0.205566 0.286621;
307, 7.804568 0.525391 0.47168;
308, 0.013188 0.786621 0.373535;
309, 16.535423 0.069824 0.663574;
310, 15.409327 0.299805 0.487305;
311, 16.215715 0.039062 0.046875;
312, 11.170581 0.606445 0.76416;
313, 11.186042 0.47998 0.704102;
314, 11.195237 0.298828 0.543457;
315, 11.93694 0.060059 0.586914;
316, 0.128015 0.761719 0.747559;
317, 48.30402 0.038086 0.923828;
318, 47.927666 0.337402 0.914551;
319, 47.927223 0.337891 0.036621;
320, 7.322639 0.567871 0.21875;
321, 7.56525 0.444336 0.692871;
322, 0.024982 0.776855 0.947266;
323, 0.039809 0.909668 0.060547;
324, 21.690117 0.625977 0.250977;
325, 22.443365 0.347656 0.322266;
326, 21.735815 0.584473 0.525391;
327, 21.708332 0.566406 0.380371;
328, 21.698486 0.494629 0.800781;
329, 21.998304 0.15625 0.771484;
330, 21.746101 0.601074 0.523926;
331, 22.965906 0.081055 0.805664;
332, 22.910334 0.000488 0.085938;
333, 21.686953 0.648926 0.611816;
334, 0.02569 0.766113 0.724121;
335, 11.397328 0.30127 0.528809;
336, 12.201347 0.147461 0.67334;
337, 11.378224 0.252441 0.839844;
338, 0.085339 0.813965 0.648438;
339, 15.140349 0.4375 0.760254;
340, 0.031731 0.98877 0.553223;
341, 0.843321 0.702148 0.012207;
342, 0.018716 0.980469 0.07373;
343, 0.044906 0.780762 0.473633;
344, 16.14197 0.036621 0.627441;
345, 14.981093 0.261719 0.705078;
346, 0.14441 0.862305 0.74707;
347, 0.008917 0.88623 0.131836;
348, 15.786212 0.169922 0.778809;
349, 15.793861 0.151367 0.038574;
350, 15.784337 0.124023 0.361816;
351, 15.799926 0.094727 0.553711;
352, 15.790713 0.164551 0.102539;
353, 0.11522 0.94873 0.035645;
354, 9.846943 0.215332 0.879883;
355, 9.852828 0.198242 0.851562;
356, 9.610509 0.610352 0.333008;
357, 8.054531 0.621094 0.65918;
358, 0.018853 0.894043 0.356445;
359, 9.533059 0.426758 0.436035;
360, 7.401332 0.637207 0.250488;
361, 9.299519 0.216309 0.243652;
362, 0.059149 0.987305 0.223633;
363, 0.010992 0.849121 0.140625;
364, 0.31665 0.72168 0.277344;
365, 11.300881 0.288574 0.938965;
366, 11.784043 0.092773 0.210938;
367, 0.322767 0.721191 0.777344;
368, 6.592142 0.61377 0.331543;
369, 8.123962 0.391602 0.235352;
370, 6.557687 0.640137 0.680664;
371, 8.624525 0.254883 0.538086;
372, 8.622415 0.338379 0.618652;
373, 8.617385 0.375488 0.256348;
374, 11.649833 0.057129 0.688477;
375, 8.602074 0.368652 0.597656;
376, 6.624633 0.587891 0.756348;
377, 9.613726 0.032715 0.61084;
378, 0.456959 0.903809 0.420898;
379, 0.038984 0.928223 0.699707;
380, 0.037217 0.934082 0.990234;
381, 50.08292 0.029297 0.953125;
382, 50.084686 0.006348 0.758789;
383, 49.720802 0.286133 0.679199;
384, 7.191781 0.665527 0.515625;
385, 0.013693 0.788086 0.265137;
386, 0.982591 0.706055 0.431152;
387, 0.020592 0.789062 0.403809;
388, 0.029456 0.763672 0.251465;
389, 13.563136 0.341309 0.883789;
390, 0.161982 0.894043 0.657715;
391, 9.518982 0.411133 0.505859;
392, 9.146217 0.549316 0.589355;
393, 9.300283 0.418457 0.732422;
394, 9.119658 0.587891 0.87793;
395, 9.724648 0.239258 0.772461;
396, 9.764751 0.119629 0.936523;
397, 9.759375 0.433594 0.633301;
398, 9.754756 0.371094 0.83252;
399, 7.277017 0.664062 0.032715;
400, 11.008967 0.224609 0.935547;
401, 10.97493 0.438965 0.625977;
