0, 16.36544 0.256348 0.566895;
1, 8.878321 0.560547 0.169922;
2, 9.836469 0.155762 0.246094;
3, 7.574341 0.621582 0.83252;
4, 10.086707 0.131836 0.670898;
5, 0.151286 0.82373 0.51709;
6, 23.860794 0.158691 0.43457;
7, 23.711866 0.326172 0.016602;
8, 24.601063 0.015625 0.07666;
9, 23.705648 0.390137 0.540039;
10, 23.708269 0.36084 0.612793;
11, 24.446268 0.115234 0.620117;
12, 21.785448 0.60791 0.90625;
13, 23.424929 0.085938 0.55127;
14, 23.429134 0.229492 0.14502;
15, 22.199032 0.272949 0.685547;
16, 0.157369 0.930664 0.407227;
17, 0.30332 0.721191 0.003418;
18, 13.45365 0.021973 0.728027;
19, 12.017601 0.430664 0.566895;
20, 7.472634 0.525879 0.19873;
21, 7.483762 0.296875 0.303711;
22, 7.917418 0.149902 0.61377;
23, 0.054719 0.761719 0.772461;
24, 7.125044 0.549805 0.436523;
25, 9.090568 0.132324 0.444336;
26, 0.05185 0.979492 0.789551;
27, 12.824918 0.633789 0.936035;
28, 13.690465 0.300293 0.870117;
29, 14.379806 0.077637 0.242188;
30, 14.380013 0.111328 0.227051;
31, 13.654953 0.297363 0.175781;
32, 6.163339 0.720703 0.014648;
33, 0.056276 0.89502 0.864746;
34, 16.531843 0.249512 0.466797;
35, 0.451994 0.737305 0.311523;
36, 11.130446 0.292969 0.333496;
37, 11.114269 0.314453 0.530273;
38, 6.618402 0.637695 0.158691;
39, 6.642101 0.655273 0.141113;
40, 7.392842 0.404785 0.584473;
41, 0.03879 0.988281 0.38623;
42, 14.262058 0.204102 0.883301;
43, 7.79519 0.660645 0.477051;
44, 2.635417 0.713867 0.056152;
45, 0.045548 0.850586 0.346191;
46, 0.032888 0.791016 0.749512;
47, 10.171721 0.42627 0.284668;
48, 0.123917 0.862793 0.735352;
49, 19.634039 0.084473 0.199219;
50, 0.028372 0.979492 0.344727;
51, 10.680615 0.398438 0.299805;
52, 8.173945 0.668945 0.54834;
53, 10.818021 0.289062 0.213867;
54, 10.804194 0.304688 0.692383;
55, 11.656259 0.003418 0.055664;
56, 10.808009 0.384277 0.5625;
57, 2.431363 0.73584 0.736328;
58, 7.70794 0.452637 0.634766;
59, 0.008877 0.831055 0.336914;
60, 3.808482 0.669922 0.263672;
61, 8.941894 0.138672 0.302734;
62, 3.82541 0.619141 0.111816;
63, 6.17915 0.26416 0.579102;
64, 6.189065 0.451172 0.917969;
65, 8.055811 0.103027 0.436035;
66, 6.207391 0.484375 0.501465;
67, 0.093641 0.92041 0.437012;
68, 7.688214 0.509766 0.432617;
69, 7.639061 0.579102 0.703125;
70, 9.477599 0.137207 0.243652;
71, 9.495928 0.118652 0.589844;
72, 0.234852 0.887207 0.448242;
73, 7.824572 0.509277 0.049805;
74, 7.761333 0.526855 0.979004;
75, 2.533857 0.723145 0.441406;
76, 11.057838 0.206543 0.944824;
77, 0.044126 0.98877 0.80957;
78, 11.503718 0.606445 0.674316;
79, 13.142376 0.118164 0.286133;
80, 11.489533 0.644043 0.037598;
81, 0.052396 0.818848 0.820312;
82, 12.481853 0.499023 0.931152;
83, 12.756384 0.165039 0.730469;
84, 12.471023 0.303223 0.041504;
85, 12.47768 0.354004 0.299316;
86, 12.486654 0.22998 0.88623;
87, 0.108976 0.928711 0.652832;
88, 36.227371 0.264648 0.958496;
89, 36.229671 0.309082 0.88623;
90, 0.055049 0.92334 0.241699;
91, 20.192785 0.05957 0.90918;
92, 19.278076 0.293945 0.050781;
93, 19.244864 0.358887 0.523438;
94, 20.622219 0.066895 0.301758;
95, 7.527584 0.650391 0.503906;
96, 7.506914 0.60791 0.210449;
97, 9.124866 0.263184 0.115234;
98, 9.136871 0.245117 0.649902;
99, 9.293401 0.177246 0.486816;
100, 0.097153 0.769531 0.421387;
101, 8.197051 0.571777 0.096191;
102, 8.755339 0.257812 0.496094;
103, 8.238282 0.520996 0.039551;
104, 10.219174 0.022949 0.825684;
105, 8.254601 0.567383 0.938965;
106, 8.228708 0.597168 0.985352;
107, 9.045222 0.249023 0.59375;
108, 9.095336 0.13623 0.783203;
109, 9.124398 0.1875 0.099609;
110, 5.028843 0.692383 0.405273;
111, 11.971185 0.005371 0.348145;
112, 4.867088 0.712891 0.936035;
113, 0.03017 0.899902 0.185059;
114, 9.973119 0.398438 0.125;
115, 0.034068 0.827637 0.905762;
116, 21.935438 0.029297 0.108398;
117, 0.164328 0.777344 0.839844;
118, 0.00637 0.783691 0.779785;
119, 14.255299 0.168457 0.590332;
120, 13.948384 0.375 0.893066;
121, 9.454074 0.532715 0.760742;
122, 9.493167 0.305176 0.183594;
123, 0.109727 0.740723 0.531738;
124, 12.731096 0.129883 0.101074;
125, 12.719897 0.213867 0.604492;
126, 12.708882 0.15918 0.680664;
127, 12.043559 0.324219 0.986328;
128, 0.082632 0.877441 0.231445;
129, 0.021536 0.786621 0.74707;
130, 10.147055 0.387207 0.974609;
131, 10.145205 0.320312 0.515625;
132, 11.266797 0.085938 0.849121;
133, 11.265295 0.021973 0.259766;
134, 11.248787 0.112793 0.275391;
135, 10.139002 0.484863 0.113281;
136, 0.056069 0.936523 0.120605;
137, 9.997537 0.249512 0.304199;
138, 9.980162 0.243164 0.113281;
139, 10.009614 0.035156 0.157715;
140, 9.991199 0.360352 0.663574;
141, 11.367826 0.116699 0.417969;
142, 11.367508 0.061035 0.62207;
143, 11.374977 0.041504 0.305176;
144, 9.977684 0.439453 0.414062;
145, 9.99337 0.29248 0.329102;
146, 0.068812 0.973145 0.277344;
147, 0.986301 0.705566 0.482422;
148, 11.065949 0.29834 0.811523;
149, 11.093432 0.315918 0.044434;
150, 11.106505 0.375488 0.148438;
151, 6.64197 0.679688 0.314453;
152, 9.963552 0.23291 0.553711;
153, 9.974299 0.33252 0.729004;
154, 11.532213 0.075195 0.737305;
155, 6.899101 0.589844 0.837891;
156, 10.840599 0.063477 0.480957;
157, 0.169674 0.85498 0.352539;
158, 0.022902 0.925293 0.737305;
159, 7.023993 0.573242 0.916992;
160, 10.189089 0.112305 0.223145;
161, 6.948339 0.565918 0.433105;
162, 7.478056 0.23877 0.351562;
163, 7.020215 0.629883 0.669434;
164, 0.037391 0.836914 0.397461;
165, 20.99234 0.201172 0.30127;
166, 20.996029 0.178223 0.812012;
167, 21.007778 0.173828 0.487305;
168, 20.973646 0.28125 0.1875;
169, 20.960501 0.48584 0.371094;
170, 21.826077 0.057129 0.800781;
171, 20.978395 0.409668 0.251465;
172, 20.976219 0.318359 0.158203;
173, 21.875097 0.095215 0.013184;
174, 0.093026 0.824707 0.594727;
175, 0.053954 0.742676 0.833496;
176, 0.133427 0.724609 0.86377;
177, 12.312881 0.142578 0.210449;
178, 11.719229 0.338867 0.300293;
179, 0.153362 0.895508 0.936523;
180, 16.360231 0.23584 0.147461;
181, 16.359066 0.378418 0.34082;
182, 18.706835 0.108398 0.125977;
183, 16.349083 0.300293 0.145508;
184, 17.014162 0.097168 0.966309;
185, 16.351551 0.297852 0.634277;
186, 8.745405 0.532715 0.78418;
187, 10.649422 0.053223 0.242676;
188, 10.639413 0.149414 0.78418;
189, 8.65445 0.552734 0.412598;
190, 11.184151 0.11377 0.411133;
191, 11.207985 0.060547 0.443359;
192, 11.200888 0.158691 0.891113;
193, 2.378743 0.696289 0.42334;
194, 17.121799 0.493164 0.607422;
195, 17.104197 0.348633 0.296875;
196, 17.108986 0.24707 0.098633;
197, 17.085485 0.461914 0.95459;
198, 18.142757 0.047363 0.335938;
199, 17.134865 0.315918 0.907715;
200, 17.132692 0.368652 0.961426;
201, 0.021356 0.997559 0.48877;
202, 17.512794 0.04834 0.709961;
203, 7.508548 0.634277 0.335938;
204, 2.656447 0.712402 0.652344;
205, 7.494279 0.477051 0.209473;
206, 0.024528 0.89502 0.943359;
207, 17.689947 0.108398 0.070312;
208, 16.403641 0.475586 0.789062;
209, 0.028913 0.992188 0.208008;
210, 8.923008 0.456055 0.167969;
211, 0.034998 0.912109 0.165527;
212, 7.425702 0.654297 0.69873;
213, 0.082112 0.92334 0.628906;
214, 50.215824 0.081543 0.891602;
215, 49.348404 0.354004 0.072266;
216, 0.061468 0.958984 0.641602;
217, 16.549086 0.042969 0.175293;
218, 0.15284 0.788086 0.228027;
219, 14.568498 0.395508 0.640625;
220, 13.887276 0.536133 0.29541;
221, 11.354956 0.728516 0.626465;
222, 13.15505 0.559082 0.546387;
223, 14.687215 0.029785 0.805664;
224, 0.284366 0.940918 0.496094;
225, 6.956747 0.600098 0.088867;
226, 8.90742 0.15625 0.404297;
227, 8.366279 0.509766 0.538086;
228, 10.334673 0.047852 0.919434;
229, 0.293665 0.87793 0.226562;
230, 8.399737 0.651367 0.935059;
231, 8.456794 0.550781 0.401855;
232, 33.693256 0.399902 0.992676;
233, 8.60435 0.453125 0.496582;
234, 8.433359 0.522461 0.05127;
235, 8.434284 0.584961 0.653809;
236, 13.230628 0.065918 0.540527;
237, 9.182346 0.391602 0.22168;
238, 8.422858 0.53125 0.496094;
239, 0.278147 0.738281 0.641602;
240, 9.852887 0.214844 0.978516;
241, 0.129787 0.882324 0.390137;
242, 9.577542 0.40332 0.763672;
243, 9.571809 0.372559 0.728027;
244, 9.532758 0.418457 0.589844;
245, 2.497229 0.708008 0.840332;
246, 15.888581 0.208008 0.072266;
247, 15.868596 0.280762 0.255859;
248, 16.304981 0.030762 0.837891;
249, 13.667028 0.538574 0.709473;
250, 13.442547 0.681152 0.084961;
251, 0.022917 0.986328 0.403809;
252, 0.01653 0.935059 0.822266;
253, 9.022546 0.249023 0.410156;
254, 9.060192 0.441406 0.422852;
255, 9.229673 0.204102 0.946777;
256, 0.073806 0.890625 0.030762;
257, 19.332535 0.232422 0.898438;
258, 19.339743 0.240723 0.416016;
259, 0.103138 0.81543 0.493164;
260, 24.48757 0.3125 0.188965;
261, 18.460407 0.556641 0.02002;
262, 18.630358 0.227051 0.456055;
263, 0.094492 0.796875 0.142578;
264, 18.106644 0.591797 0.472168;
265, 18.114412 0.479004 0.503418;
266, 18.095007 0.595215 0.100586;
267, 18.357111 0.408691 0.879395;
268, 18.476603 0.17627 0.130859;
269, 18.473988 0.108887 0.915039;
270, 16.869986 0.708008 0.366699;
271, 0.049209 0.932129 0.848633;
272, 8.823573 0.424805 0.234863;
273, 0.014351 0.770996 0.144043;
274, 0.009021 0.989746 0.914551;
275, 7.541431 0.647949 0.541992;
276, 9.18937 0.315918 0.748535;
277, 0.061769 0.922852 0.42627;
278, 7.053742 0.568848 0.447266;
279, 0.067864 0.854004 0.998535;
280, 21.378864 0.355469 0.441406;
281, 19.396435 0.728516 0.704102;
282, 22.828688 0.270996 0.323242;
283, 22.824467 0.287109 0.288086;
284, 22.826733 0.359863 0.360352;
285, 0.07948 0.841309 0.839355;
286, 0.039893 0.915039 0.98291;
287, 16.522821 0.013184 0.251465;
288, 8.716676 0.553223 0.604492;
289, 9.010336 0.391602 0.123535;
290, 9.009135 0.486816 0.863281;
291, 8.978097 0.405762 0.733398;
292, 2.398871 0.70166 0.113281;
293, 0.016214 0.951172 0.537109;
294, 6.869742 0.660156 0.562988;
295, 9.168514 0.350586 0.119141;
296, 0.050929 0.803223 0.311523;
297, 19.009365 0.451172 0.598633;
298, 19.940901 0.040039 0.803711;
299, 19.004026 0.328125 0.675781;
300, 0.140478 0.912109 0.208008;
301, 0.019629 0.788574 0.337891;
302, 0.020134 0.907227 0.245605;
303, 0.568345 0.714355 0.157227;
304, 10.418909 0.336914 0.298828;
305, 10.433271 0.472656 0.866699;
306, 10.941111 0.163574 0.333008;
307, 0.124969 0.894531 0.121094;
308, 10.977299 0.38916 0.364746;
309, 14.024441 0.075195 0.791016;
310, 7.502929 0.643555 0.627441;
311, 7.519526 0.641113 0.276367;
312, 9.991562 0.19043 0.713867;
313, 9.992949 0.186523 0.296875;
314, 7.484849 0.614746 0.470215;
315, 0.02328 0.998535 0.308594;
316, 8.655269 0.651855 0.469238;
317, 10.381499 0.197754 0.070801;
318, 10.298843 0.237305 0.688965;
319, 10.347396 0.211426 0.023438;
320, 10.36346 0.055176 0.571777;
321, 10.314452 0.272949 0.808105;
322, 10.388273 0.204102 0.297852;
323, 0.035532 0.992676 0.442383;
324, 0.021531 0.806641 0.064453;
325, 0.019665 0.801758 0.873047;
326, 0.017039 0.994629 0.85791;
327, 0.022532 0.956055 0.374023;
328, 8.94222 0.441406 0.76416;
329, 2.797278 0.697754 0.089844;
330, 7.094873 0.583008 0.592773;
331, 9.460264 0.146973 0.774902;
332, 9.508369 0.197754 0.996094;
333, 9.514094 0.182617 0.405762;
334, 7.133045 0.651367 0.324707;
335, 9.602015 0.167969 0.135742;
336, 0.055887 0.825195 0.790039;
337, 14.979551 0.502441 0.553711;
338, 0.057784 0.828125 0.196777;
339, 18.357372 0.123535 0.232422;
340, 17.834665 0.444824 0.308105;
341, 17.827433 0.411133 0.040527;
342, 18.815311 0.029785 0.518066;
343, 0.178931 0.816406 0.947754;
344, 0.041835 0.91748 0.025391;
345, 0.009969 0.811035 0.845703;
346, 13.883513 0.399414 0.175781;
347, 13.877063 0.268555 0.715332;
348, 13.885618 0.492676 0.544434;
349, 14.197973 0.168457 0.767578;
350, 13.882316 0.459473 0.293945;
351, 13.290772 0.589355 0.089844;
352, 13.408587 0.441406 0.010254;
353, 0.013067 0.77832 0.252441;
354, 15.635084 0.631348 0.194824;
355, 17.679071 0.061035 0.192871;
356, 0.145132 0.971191 0.874512;
357, 0.031077 0.733887 0.852539;
358, 0.011842 0.937988 0.69043;
359, 14.184845 0.23291 0.766113;
360, 0.250924 0.855469 0.948242;
361, 0.017638 0.992676 0.099121;
362, 20.352226 0.075195 0.554688;
363, 18.903738 0.467285 0.482422;
364, 19.837801 0.054688 0.306152;
365, 0.174481 0.944824 0.874512;
366, 15.305065 0.229004 0.257812;
367, 15.314671 0.182129 0.544434;
368, 0.036591 0.780273 0.509766;
369, 16.693651 0.126465 0.252441;
370, 0.196325 0.937012 0.3125;
371, 0.312082 0.719238 0.294434;
372, 13.015789 0.106445 0.58252;
373, 6.576181 0.633789 0.600586;
374, 8.53425 0.195312 0.005859;
375, 0.239114 0.895996 0.765625;
376, 0.573538 0.710938 0.351562;
377, 8.703091 0.375 0.480957;
378, 0.187869 0.859375 0.724609;
379, 18.59156 0.242188 0.36377;
380, 18.577507 0.261719 0.574707;
381, 0.07472 0.839355 0.260742;
382, 12.350168 0.63916 0.791504;
383, 12.371277 0.667969 0.648438;
384, 0.105237 0.885254 0.966797;
385, 5.398149 0.657227 0.812988;
386, 5.509888 0.478516 0.395508;
387, 5.376973 0.665039 0.954102;
388, 6.625222 0.371094 0.469238;
389, 6.627624 0.366699 0.032715;
390, 6.648501 0.461914 0.244141;
391, 5.569095 0.580566 0.568359;
392, 5.644819 0.459473 0.503906;
393, 5.532619 0.532227 0.839844;
394, 5.380325 0.646484 0.869141;
395, 7.349085 0.246094 0.148438;
396, 0.059215 0.778809 0.664062;
397, 13.195792 0.123535 0.842773;
398, 13.186296 0.185547 0.841797;
399, 0.135007 0.945801 0.050781;
400, 8.158908 0.505371 0.253906;
401, 10.136297 0.01416 0.108398;
