0, 9.202434 0.545898 0.163086;
1, 0.032208 0.80127 0.620605;
2, 0.025577 0.80957 0.401855;
3, 50.572987 0.216309 0.996094;
4, 50.570637 0.202148 0.355957;
5, 50.572189 0.128906 0.305664;
6, 0.173141 0.854492 0.136719;
7, 16.36466 0.210449 0.605957;
8, 7.487869 0.626465 0.092285;
9, 0.035722 0.773926 0.103516;
10, 0.027523 0.999023 0.951172;
11, 6.973149 0.584961 0.85498;
12, 7.967468 0.200684 0.156738;
13, 7.803055 0.269531 0.098145;
14, 6.944501 0.550781 0.145996;
15, 7.233953 0.321289 0.754883;
16, 7.258734 0.461914 0.283691;
17, 6.937891 0.569336 0.958008;
18, 7.449751 0.233398 0.446289;
19, 7.475317 0.090332 0.827637;
20, 0.312499 0.89209 0.784668;
21, 16.416807 0.236328 0.55127;
22, 0.188917 0.904785 0.751953;
23, 2.482298 0.678711 0.959473;
24, 0.018343 0.757812 0.659668;
25, 13.724866 0.119141 0.279785;
26, 0.179033 0.945801 0.159668;
27, 6.9497 0.60498 0.831543;
28, 9.99045 0.063965 0.256836;
29, 9.993949 0.160645 0.383789;
30, 6.934669 0.562988 0.853516;
31, 7.222669 0.429688 0.437012;
32, 2.256878 0.714844 0.066895;
33, 12.899645 0.092773 0.330566;
34, 10.948307 0.289551 0.95752;
35, 10.957162 0.282227 0.100098;
36, 2.261523 0.716797 0.69873;
37, 11.042392 0.188477 0.60791;
38, 10.88625 0.409668 0.636719;
39, 0.01067 0.811035 0.898926;
40, 0.041752 0.896484 0.028809;
41, 18.826353 0.249023 0.946289;
42, 0.188457 0.911621 0.963379;
43, 0.029654 0.790039 0.768555;
44, 17.677334 0.104004 0.491211;
45, 16.323072 0.479004 0.833984;
46, 17.333452 0.124512 0.452148;
47, 9.191175 0.664551 0.818848;
48, 9.226314 0.573242 0.833984;
49, 9.43148 0.423828 0.811035;
50, 9.685472 0.167969 0.997559;
51, 6.363882 0.730957 0.55127;
52, 9.169526 0.583008 0.948242;
53, 0.010969 0.990234 0.095215;
54, 0.042837 0.873047 0.116699;
55, 13.315084 0.258789 0.601074;
56, 8.936481 0.592285 0.159668;
57, 0.014525 0.983398 0.506836;
58, 7.003855 0.589355 0.679688;
59, 2.272596 0.697754 0.233398;
60, 11.670717 0.18457 0.893555;
61, 11.655519 0.144531 0.930664;
62, 11.531857 0.36084 0.770996;
63, 7.884634 0.684082 0.104492;
64, 7.908683 0.663086 0.01123;
65, 8.125487 0.479492 0.397461;
66, 0.013615 0.788086 0.328613;
67, 20.254375 0.239746 0.249512;
68, 0.129769 0.913574 0.28418;
69, 16.410906 0.632812 0.434082;
70, 16.509033 0.446289 0.737305;
71, 18.24906 0.087891 0.349121;
72, 18.240023 0.07373 0.847656;
73, 18.222801 0.206543 0.181641;
74, 18.286457 0.162109 0.652344;
75, 18.241922 0.133789 0.019531;
76, 18.234314 0.147461 0.266113;
77, 0.081361 0.748535 0.421387;
78, 0.020945 0.805664 0.149414;
79, 0.02875 0.833496 0.770996;
80, 21.063667 0.469238 0.40625;
81, 0.178864 0.745605 0.599609;
82, 12.745461 0.044922 0.728516;
83, 12.74261 0.189941 0.366211;
84, 0.067664 0.762695 0.975098;
85, 47.880894 0.197266 0.945801;
86, 47.883427 0.137695 0.378418;
87, 47.884438 0.172852 0.436523;
88, 2.341819 0.702148 0.31543;
89, 13.586922 0.095215 0.365234;
90, 12.149417 0.475098 0.894531;
91, 12.155136 0.39502 0.39502;
92, 6.961799 0.655273 0.178711;
93, 9.234809 0.364746 0.99707;
94, 6.946781 0.628906 0.325684;
95, 10.773934 0.048828 0.147949;
96, 8.898961 0.507812 0.922363;
97, 10.320474 0.126465 0.529297;
98, 6.96856 0.527344 0.810059;
99, 0.045192 0.877441 0.959961;
100, 0.032077 0.927246 0.512207;
101, 7.410138 0.530273 0.114258;
102, 0.089031 0.893555 0.822266;
103, 9.024093 0.425293 0.467285;
104, 9.0252 0.380371 0.759766;
105, 9.051039 0.498047 0.071777;
106, 8.794147 0.545898 0.660156;
107, 0.021204 0.99707 0.758301;
108, 19.481283 0.590332 0.45752;
109, 19.558058 0.455078 0.760254;
110, 20.466726 0.01709 0.993652;
111, 19.556488 0.51123 0.185547;
112, 19.486727 0.603516 0.137207;
113, 20.901695 0.002441 0.65332;
114, 19.488445 0.619141 0.271484;
115, 20.026384 0.35498 0.875;
116, 20.110228 0.180176 0.56543;
117, 20.027382 0.410156 0.381836;
118, 20.031036 0.26416 0.02832;
119, 20.036304 0.219727 0.45459;
120, 20.031324 0.145508 0.461426;
121, 20.037283 0.217773 0.943359;
122, 18.344341 0.70752 0.01709;
123, 19.507616 0.537598 0.614258;
124, 0.057401 0.874512 0.306641;
125, 7.243017 0.538574 0.508789;
126, 0.009108 0.849121 0.624023;
127, 14.056384 0.154785 0.03418;
128, 0.100498 0.826172 0.673828;
129, 20.339712 0.136719 0.192383;
130, 20.335253 0.216309 0.111816;
131, 20.330471 0.009766 0.070312;
132, 19.680687 0.314941 0.885742;
133, 0.090125 0.888672 0.512695;
134, 14.146126 0.168945 0.755371;
135, 14.139689 0.149414 0.714844;
136, 14.148442 0.169922 0.057617;
137, 8.644563 0.581543 0.695801;
138, 2.439128 0.700684 0.355469;
139, 10.867911 0.336426 0.746094;
140, 0.043547 0.84082 0.475098;
141, 10.761994 0.379883 0.207031;
142, 9.301134 0.541992 0.995605;
143, 0.009677 0.750488 0.42334;
144, 14.012953 0.177734 0.191406;
145, 0.055846 0.746582 0.103516;
146, 7.594206 0.47168 0.133301;
147, 7.573544 0.436523 0.27002;
148, 7.518929 0.465332 0.943848;
149, 2.472098 0.686035 0.294922;
150, 0.014896 0.962402 0.150391;
151, 19.801498 0.024414 0.267578;
152, 11.012486 0.537598 0.076172;
153, 0.026474 0.794434 0.882812;
154, 9.840397 0.40332 0.636719;
155, 11.545909 0.025391 0.856445;
156, 11.52901 0.226074 0.794434;
157, 11.515147 0.217773 0.93457;
158, 9.838142 0.236328 0.244629;
159, 5.800457 0.72998 0.439941;
160, 0.012758 0.926758 0.334473;
161, 6.774844 0.655762 0.261719;
162, 5.501828 0.726562 0.404297;
163, 14.593021 0.197754 0.066895;
164, 14.583127 0.054199 0.468262;
165, 14.567311 0.135254 0.374512;
166, 14.502571 0.388184 0.429688;
167, 8.609883 0.620605 0.445312;
168, 11.512068 0.001953 0.303711;
169, 8.59157 0.527832 0.467773;
170, 0.068662 0.976074 0.851074;
171, 7.614947 0.498047 0.07959;
172, 9.710976 0.053711 0.962891;
173, 9.671576 0.190918 0.366211;
174, 7.568648 0.304688 0.328613;
175, 7.601141 0.572266 0.705566;
176, 3.629911 0.687012 0.745605;
177, 4.009608 0.51123 0.461426;
178, 0.025601 0.82666 0.036621;
179, 13.784984 0.163574 0.085449;
180, 7.237482 0.630371 0.301758;
181, 2.361292 0.714355 0.019531;
182, 6.993563 0.583984 0.761719;
183, 0.021688 0.756348 0.972168;
184, 8.494057 0.36084 0.941406;
185, 0.138454 0.875977 0.650879;
186, 0.016444 0.782715 0.518066;
187, 0.020457 0.783691 0.054199;
188, 19.70023 0.109375 0.60791;
189, 18.463284 0.375977 0.597168;
190, 11.309025 0.713867 0.479004;
191, 16.397995 0.629883 0.424805;
192, 0.046589 0.903809 0.407715;
193, 0.004141 0.958496 0.224121;
194, 13.051915 0.317871 0.87793;
195, 13.169889 0.194336 0.900391;
196, 13.058314 0.242188 0.469727;
197, 0.118116 0.87793 0.065918;
198, 10.863601 0.367188 0.200195;
199, 0.00531 0.963379 0.975586;
200, 0.331234 0.721191 0.626953;
201, 10.779279 0.169434 0.726562;
202, 10.500165 0.361816 0.30957;
203, 6.564775 0.660156 0.867188;
204, 47.140919 0.244629 0.961914;
205, 47.157005 0.150879 0.911621;
206, 8.512759 0.442871 0.337891;
207, 0.028892 0.744629 0.695312;
208, 12.709526 0.004395 0.52002;
209, 0.199122 0.825684 0.393066;
210, 0.010102 0.863281 0.354004;
211, 7.683548 0.501465 0.285156;
212, 7.659564 0.455078 0.958008;
213, 0.092206 0.901367 0.063965;
214, 9.392829 0.18457 0.85791;
215, 0.082596 0.87793 0.126465;
216, 16.704887 0.004395 0.640625;
217, 9.472307 0.591309 0.601562;
218, 11.817793 0.135254 0.761719;
219, 0.213355 0.90918 0.677246;
220, 0.006068 0.855469 0.901855;
221, 0.017889 0.802734 0.493652;
222, 18.944567 0.069824 0.289062;
223, 18.938414 0.233887 0.288574;
224, 0.246319 0.888672 0.742676;
225, 16.36277 0.01416 0.322754;
226, 7.305866 0.674316 0.227051;
227, 7.467205 0.518555 0.356445;
228, 7.719024 0.188477 0.513672;
229, 0.189718 0.900879 0.255859;
230, 9.241009 0.229004 0.307129;
231, 9.222866 0.062988 0.73584;
232, 9.223947 0.041016 0.93457;
233, 7.532477 0.662598 0.391113;
234, 0.011998 0.851562 0.522949;
235, 6.980419 0.588867 0.451172;
236, 11.474464 0.09375 0.974121;
237, 0.08616 0.822266 0.890625;
238, 14.121513 0.427246 0.716797;
239, 11.561019 0.727051 0.087402;
240, 13.314126 0.567871 0.562988;
241, 13.612988 0.271484 0.048828;
242, 11.553693 0.71582 0.512207;
243, 12.344916 0.65918 0.895508;
244, 13.67279 0.320801 0.09375;
245, 13.642221 0.443359 0.712402;
246, 13.627193 0.227539 0.322754;
247, 13.634291 0.323242 0.759277;
248, 12.425208 0.531738 0.10498;
249, 0.011101 0.824219 0.646973;
250, 17.851046 0.444336 0.019043;
251, 17.851688 0.401367 0.894531;
252, 0.094866 0.869141 0.474609;
253, 12.916091 0.179199 0.515625;
254, 12.938167 0.141602 0.273926;
255, 12.853787 0.356445 0.545898;
256, 15.612003 0.047363 0.994141;
257, 0.054645 0.755859 0.18457;
258, 7.698153 0.535645 0.39209;
259, 7.622216 0.62207 0.233887;
260, 8.054817 0.413574 0.453125;
261, 8.047915 0.222168 0.026367;
262, 0.099222 0.916504 0.689941;
263, 9.762214 0.378906 0.796875;
264, 0.058596 0.965332 0.373535;
265, 11.156199 0.640625 0.213379;
266, 0.012793 0.814941 0.28125;
267, 0.050255 0.851074 0.119141;
268, 10.381378 0.366211 0.424316;
269, 9.349247 0.53125 0.422852;
270, 11.130829 0.073242 0.543945;
271, 1.558381 0.737305 0.777832;
272, 0.022511 0.78418 0.554688;
273, 17.047558 0.017578 0.041504;
274, 15.933623 0.356445 0.441895;
275, 15.929699 0.26123 0.251465;
276, 0.120116 0.952637 0.52002;
277, 10.00121 0.415527 0.09375;
278, 0.012401 0.751953 0.393066;
279, 14.208703 0.051758 0.815918;
280, 14.21087 0.030762 0.620117;
281, 0.170418 0.967773 0.405273;
282, 7.732407 0.5 0.045898;
283, 7.756605 0.22168 0.526855;
284, 2.872033 0.693359 0.061523;
285, 0.013283 0.756836 0.131836;
286, 14.545941 0.208984 0.583496;
287, 14.48173 0.405762 0.211914;
288, 0.039894 0.811035 0.753906;
289, 7.492678 0.652832 0.374023;
290, 7.495327 0.634766 0.501465;
291, 10.935389 0.052246 0.751465;
292, 10.924035 0.019043 0.939453;
293, 0.328953 0.846191 0.818359;
294, 7.200315 0.534668 0.044922;
295, 0.026401 0.754883 0.027344;
296, 0.038639 0.898438 0.526367;
297, 10.407193 0.379395 0.886719;
298, 0.090566 0.866211 0.74707;
299, 0.019619 0.952148 0.727051;
300, 0.051205 0.765137 0.265625;
301, 8.680393 0.575195 0.789551;
302, 8.695561 0.589844 0.353027;
303, 0.067461 0.895508 0.831055;
304, 9.157928 0.404297 0.668457;
305, 0.048485 0.819336 0.626953;
306, 17.848204 0.523926 0.147949;
307, 18.855686 0.062012 0.431152;
308, 17.856054 0.50293 0.229004;
309, 0.096072 0.865723 0.760742;
310, 10.024074 0.392578 0.446289;
311, 7.194402 0.65332 0.45166;
312, 7.22486 0.526367 0.15918;
313, 0.063348 0.795898 0.716797;
314, 0.016344 0.83252 0.546875;
315, 17.496868 0.12793 0.100586;
316, 16.944992 0.436523 0.708496;
317, 0.064115 0.837402 0.337402;
318, 9.530016 0.398438 0.532227;
319, 13.095945 0.006348 0.571777;
320, 13.079097 0.155762 0.413574;
321, 13.078832 0.210938 0.270508;
322, 0.03701 0.774902 0.249512;
323, 9.16371 0.599121 0.915039;
324, 34.710323 0.080078 0.794922;
325, 34.173973 0.29248 0.547363;
326, 0.055788 0.84375 0.250977;
327, 6.994795 0.597168 0.461914;
328, 7.008755 0.608887 0.197266;
329, 11.146777 0.077637 0.345215;
330, 6.950668 0.536621 0.767578;
331, 0.004258 0.970703 0.667969;
332, 19.98354 0.303223 0.475586;
333, 7.683784 0.625488 0.929688;
334, 9.06606 0.22998 0.638672;
335, 9.055666 0.508301 0.347656;
336, 9.042793 0.473145 0.146973;
337, 0.03325 0.786133 0.974609;
338, 14.516529 0.082031 0.536621;
339, 0.243183 0.888672 0.362305;
340, 19.138512 0.070801 0.114746;
341, 17.398405 0.443848 0.231934;
342, 18.806625 0.112793 0.027832;
343, 17.394653 0.33252 0.366211;
344, 7.633124 0.675781 0.393555;
345, 0.005814 0.897949 0.247559;
346, 16.965029 0.629883 0.0625;
347, 11.836584 0.700195 0.640625;
348, 0.022843 0.963379 0.790039;
349, 0.021024 0.788086 0.836426;
350, 0.026706 0.841309 0.639648;
351, 21.505724 0.115723 0.040527;
352, 8.896193 0.586914 0.01416;
353, 0.007528 0.891113 0.568848;
354, 0.058655 0.859375 0.041992;
355, 0.016746 0.85498 0.577637;
356, 5.343566 0.659668 0.016602;
357, 5.811297 0.435547 0.810547;
358, 5.865925 0.416504 0.131348;
359, 8.394849 0.021973 0.23877;
360, 5.799239 0.385742 0.932617;
361, 4.122746 0.697266 0.086426;
362, 0.033048 0.796875 0.616211;
363, 15.882223 0.296875 0.020996;
364, 15.877752 0.303223 0.200195;
365, 16.689323 0.057617 0.563965;
366, 15.868337 0.498047 0.018555;
367, 12.1857 0.601562 0.763672;
368, 12.817411 0.236816 0.822266;
369, 12.822803 0.060547 0.063965;
370, 12.178681 0.602539 0.858398;
371, 14.431138 0.126465 0.199707;
372, 12.82273 0.447266 0.439453;
373, 12.926348 0.179199 0.596191;
374, 0.166154 0.960938 0.000977;
375, 0.010363 0.849609 0.677246;
376, 7.39651 0.489258 0.03418;
377, 3.167125 0.689453 0.140137;
378, 9.934404 0.209473 0.796875;
379, 9.873593 0.456543 0.769043;
380, 3.847863 0.5625 0.172852;
381, 3.19654 0.634766 0.827637;
382, 0.013688 0.99707 0.516113;
383, 0.026569 0.989746 0.564453;
384, 18.760105 0.046875 0.019531;
385, 0.038933 0.985352 0.239258;
386, 7.296844 0.55127 0.409668;
387, 7.637684 0.317383 0.469727;
388, 9.199093 0.071777 0.40332;
389, 7.654804 0.463379 0.83252;
390, 7.629645 0.341797 0.291992;
391, 7.593325 0.513672 0.032715;
392, 3.203192 0.688965 0.754395;
393, 3.276424 0.563965 0.028809;
394, 0.054737 0.852051 0.358398;
395, 0.009873 0.839355 0.055664;
396, 10.216119 0.266602 0.163086;
397, 0.221348 0.868652 0.941406;
398, 0.010972 0.963867 0.162598;
399, 7.784332 0.510254 0.924316;
400, 7.474159 0.633301 0.544922;
401, 7.452909 0.652344 0.443359;
