0, 1.93218 0.890625 0.126953;
1, 0.015153 0.758301 0.295898;
2, 14.825653 0.251953 0.205078;
3, 14.814921 0.349609 0.771973;
4, 0.04591 0.915039 0.290527;
5, 17.092945 0.111816 0.62793;
6, 16.347902 0.411133 0.166992;
7, 0.028095 0.958496 0.983398;
8, 7.443456 0.52002 0.165039;
9, 0.066516 0.94043 0.726562;
10, 17.453566 0.60791 0.226562;
11, 0.00987 0.964844 0.010254;
12, 18.036785 0.233887 0.519531;
13, 7.729579 0.682129 0.612793;
14, 2.911013 0.703125 0.34375;
15, 7.325285 0.533203 0.02832;
16, 7.34876 0.540527 0.250488;
17, 2.968383 0.685547 0.699219;
18, 4.053262 0.423828 0.920898;
19, 3.522984 0.525879 0.809082;
20, 6.994368 0.01416 0.022949;
21, 3.53239 0.421875 0.629395;
22, 3.488514 0.605469 0.71875;
23, 5.107645 0.379395 0.865234;
24, 0.034491 0.909668 0.352051;
25, 0.016293 0.758789 0.040527;
26, 8.214208 0.491699 0.754395;
27, 8.901674 0.162109 0.36377;
28, 8.883409 0.189941 0.927246;
29, 8.197127 0.29248 0.530762;
30, 9.14653 0.14209 0.492676;
31, 8.197438 0.571777 0.24707;
32, 0.03416 0.984375 0.209961;
33, 15.019158 0.226074 0.868164;
34, 0.161091 0.910156 0.421875;
35, 0.071013 0.728027 0.317383;
36, 10.124746 0.641602 0.952148;
37, 0.030895 0.981934 0.680176;
38, 5.233179 0.664551 0.236328;
39, 5.213306 0.630371 0.475586;
40, 7.483323 0.211914 0.186035;
41, 7.516844 0.024414 0.615234;
42, 7.414309 0.278809 0.965332;
43, 7.388645 0.477051 0.074219;
44, 5.216885 0.559082 0.282227;
45, 5.506313 0.433594 0.197266;
46, 5.505242 0.300293 0.028809;
47, 7.04695 0.083984 0.222656;
48, 0.169068 0.950195 0.854492;
49, 0.024773 0.852539 0.656738;
50, 0.023827 0.91748 0.036133;
51, 18.768774 0.032227 0.673828;
52, 0.535423 0.868164 0.734375;
53, 10.97254 0.345703 0.564941;
54, 8.369305 0.543457 0.924805;
55, 12.311076 0.077148 0.123047;
56, 8.363829 0.601074 0.334473;
57, 9.425259 0.337891 0.450684;
58, 2.357448 0.714355 0.050293;
59, 11.381164 0.314941 0.102051;
60, 0.095296 0.935547 0.094727;
61, 8.976184 0.452637 0.60498;
62, 8.960052 0.451172 0.858887;
63, 0.046488 0.963379 0.562988;
64, 0.283338 0.723633 0.109863;
65, 0.028384 0.995117 0.085449;
66, 17.973618 0.306641 0.684082;
67, 0.117132 0.858398 0.068359;
68, 21.536669 0.142578 0.689941;
69, 7.406756 0.671875 0.832031;
70, 9.376555 0.289551 0.271484;
71, 9.391504 0.428223 0.395996;
72, 7.430221 0.657227 0.310547;
73, 11.624771 0.044922 0.839844;
74, 0.079855 0.785645 0.812988;
75, 12.978974 0.341309 0.155273;
76, 8.717705 0.654785 0.016602;
77, 5.667112 0.717773 0.351074;
78, 14.491995 0.002441 0.188477;
79, 0.107304 0.756348 0.011719;
80, 15.323586 0.223145 0.203613;
81, 15.331462 0.241699 0.530273;
82, 15.327735 0.075195 0.477051;
83, 0.039354 0.994141 0.624512;
84, 7.03405 0.578125 0.426758;
85, 7.7566 0.391113 0.758301;
86, 7.774315 0.505371 0.882324;
87, 9.851598 0.050781 0.943848;
88, 9.826131 0.226074 0.469238;
89, 9.838161 0.1875 0.648926;
90, 9.829294 0.173828 0.548828;
91, 7.798011 0.237305 0.839355;
92, 7.769557 0.422363 0.209961;
93, 7.024003 0.526367 0.245117;
94, 7.105689 0.350098 0.204102;
95, 7.095757 0.581543 0.845703;
96, 9.832103 0.058594 0.324219;
97, 0.021247 0.980957 0.234375;
98, 6.920678 0.60498 0.522949;
99, 0.005296 0.946289 0.686035;
100, 19.857346 0.594238 0.266113;
101, 20.988411 0.126465 0.472168;
102, 0.091623 0.963379 0.799805;
103, 17.33098 0.083984 0.645996;
104, 9.385735 0.544922 0.272949;
105, 2.536347 0.726074 0.728516;
106, 7.838699 0.413086 0.949707;
107, 7.818443 0.36377 0.277344;
108, 10.037513 0.036133 0.794922;
109, 7.493955 0.592285 0.405273;
110, 2.532008 0.696777 0.541992;
111, 10.205544 0.62793 0.085938;
112, 13.108082 0.010742 0.78418;
113, 0.219039 0.971191 0.747559;
114, 18.561825 0.222656 0.608887;
115, 18.556711 0.111328 0.97998;
116, 0.180278 0.859863 0.3125;
117, 20.769991 0.60498 0.617188;
118, 0.009232 0.760742 0.60498;
119, 9.266745 0.351562 0.280273;
120, 0.036758 0.78418 0.560547;
121, 15.405334 0.327637 0.238281;
122, 15.408131 0.504883 0.460938;
123, 18.082085 0.002441 0.394043;
124, 18.086802 0.046875 0.939453;
125, 9.590999 0.652344 0.685547;
126, 12.478788 0.049805 0.104004;
127, 6.918981 0.697754 0.953613;
128, 0.010669 0.802246 0.274902;
129, 16.458126 0.480957 0.09375;
130, 16.454262 0.245117 0.551758;
131, 16.448051 0.40332 0.03418;
132, 16.459574 0.274902 0.695312;
133, 16.675634 0.146973 0.574219;
134, 0.078705 0.934082 0.975586;
135, 21.596298 0.064453 0.077637;
136, 0.233822 0.950195 0.279785;
137, 10.202176 0.397461 0.288574;
138, 10.216666 0.218262 0.487305;
139, 7.963979 0.636719 0.959473;
140, 2.886423 0.710449 0.272949;
141, 0.020592 0.80957 0.788574;
142, 12.083094 0.436523 0.521484;
143, 0.038058 0.916504 0.251465;
144, 7.41792 0.537109 0.179199;
145, 7.348442 0.640137 0.604004;
146, 2.902495 0.717285 0.873535;
147, 11.007331 0.316406 0.007812;
148, 10.969006 0.285645 0.293945;
149, 0.033184 0.820801 0.244141;
150, 0.027387 0.780273 0.848145;
151, 13.271544 0.334961 0.116211;
152, 0.078938 0.919922 0.110352;
153, 18.802994 0.244141 0.293457;
154, 18.808863 0.417969 0.38623;
155, 0.013085 0.757812 0.461914;
156, 14.688985 0.297363 0.061035;
157, 0.03537 0.741211 0.33252;
158, 6.881491 0.557617 0.126953;
159, 1.807918 0.717285 0.95459;
160, 3.168737 0.666016 0.149902;
161, 8.537921 0.286133 0.41748;
162, 0.124225 0.839355 0.269043;
163, 9.977484 0.277344 0.177734;
164, 9.950673 0.329102 0.650391;
165, 9.907948 0.404785 0.398438;
166, 9.923952 0.331543 0.069336;
167, 11.512843 0.036621 0.489746;
168, 9.943522 0.489258 0.10791;
169, 9.915207 0.407227 0.82959;
170, 9.946076 0.446289 0.03418;
171, 9.974804 0.435547 0.005859;
172, 0.097692 0.90625 0.958984;
173, 16.877684 0.617188 0.766113;
174, 0.004718 0.913574 0.318848;
175, 0.052651 0.802734 0.676758;
176, 14.542145 0.286621 0.977539;
177, 14.537056 0.363281 0.483398;
178, 14.531418 0.294922 0.900391;
179, 11.951349 0.602539 0.030273;
180, 11.948399 0.592285 0.914551;
181, 9.175877 0.700195 0.146484;
182, 11.284498 0.601074 0.553223;
183, 11.821913 0.399902 0.830566;
184, 0.181737 0.889648 0.902832;
185, 13.562237 0.263184 0.69873;
186, 13.568594 0.39209 0.453613;
187, 13.567253 0.322266 0.65918;
188, 0.044328 0.944336 0.521484;
189, 0.058769 0.910156 0.128906;
190, 7.186769 0.571777 0.617188;
191, 7.751729 0.247559 0.005371;
192, 7.754491 0.360352 0.222656;
193, 0.022913 0.772461 0.477051;
194, 0.016286 0.740723 0.370605;
195, 0.010212 0.833496 0.322266;
196, 0.027556 0.890625 0.013672;
197, 0.026846 0.973145 0.677246;
198, 14.879374 0.343262 0.661621;
199, 16.344252 0.057617 0.944336;
200, 14.872202 0.48584 0.117188;
201, 9.974288 0.57373 0.324707;
202, 2.620413 0.706055 0.871094;
203, 7.070783 0.594727 0.80957;
204, 8.104214 0.205078 0.755859;
205, 0.118891 0.837402 0.169922;
206, 0.628925 0.714844 0.177734;
207, 10.590095 0.267578 0.379395;
208, 0.1373 0.908691 0.818359;
209, 14.037783 0.137207 0.695312;
210, 2.408267 0.729004 0.365723;
211, 7.121389 0.545898 0.39209;
212, 7.3329 0.393555 0.443848;
213, 0.121284 0.930176 0.567383;
214, 10.109988 0.157715 0.039551;
215, 7.699402 0.629395 0.82959;
216, 7.984165 0.431641 0.581543;
217, 7.928979 0.242676 0.861816;
218, 7.693038 0.549316 0.03418;
219, 0.028728 0.881348 0.01416;
220, 9.171091 0.646973 0.816895;
221, 0.047063 0.911133 0.756836;
222, 0.029155 0.753906 0.129395;
223, 0.011241 0.882812 0.151367;
224, 16.217066 0.01416 0.583008;
225, 16.223392 0.123535 0.874512;
226, 0.08123 0.805176 0.581543;
227, 16.286865 0.350586 0.365723;
228, 17.5861 0.091797 0.940918;
229, 14.047287 0.523438 0.865723;
230, 14.043008 0.460449 0.650391;
231, 15.279036 0.044434 0.710938;
232, 14.030629 0.51709 0.669922;
233, 14.215565 0.175293 0.103516;
234, 0.133292 0.950684 0.19043;
235, 8.907678 0.443359 0.434082;
236, 8.903304 0.337402 0.364258;
237, 8.902596 0.432129 0.974121;
238, 0.055823 0.919922 0.432617;
239, 15.81732 0.160645 0.673828;
240, 15.501791 0.242676 0.92334;
241, 15.513935 0.217285 0.738281;
242, 15.504318 0.409668 0.27002;
243, 0.02939 0.794434 0.155762;
244, 0.02671 0.923828 0.450684;
245, 20.28936 0.313965 0.435059;
246, 20.297012 0.358887 0.567871;
247, 22.106598 0.000488 0.82666;
248, 20.282995 0.51123 0.616699;
249, 10.166286 0.551758 0.658691;
250, 10.219267 0.475586 0.808594;
251, 0.038217 0.773438 0.629395;
252, 8.104153 0.561035 0.322754;
253, 0.038364 0.773438 0.853027;
254, 0.039976 0.762695 0.556641;
255, 12.864773 0.270508 0.623535;
256, 3.051485 0.695801 0.249023;
257, 7.675899 0.461426 0.34668;
258, 7.710271 0.430176 0.305176;
259, 0.05782 0.773926 0.838379;
260, 0.024211 0.84668 0.447266;
261, 22.246372 0.604492 0.916016;
262, 23.388399 0.013184 0.827148;
263, 0.986788 0.736816 0.782715;
264, 0.982906 0.724609 0.126465;
265, 0.021101 0.753418 0.394531;
266, 13.292218 0.180176 0.631836;
267, 0.1727 0.937988 0.597656;
268, 10.855652 0.386719 0.220703;
269, 12.415435 0.046875 0.093262;
270, 10.818571 0.410645 0.044434;
271, 10.841358 0.365723 0.770996;
272, 12.530075 0.109375 0.928223;
273, 12.532898 0.058105 0.814941;
274, 7.874407 0.633301 0.794434;
275, 7.87798 0.576172 0.523438;
276, 0.049955 0.943359 0.138672;
277, 16.240231 0.265625 0.93457;
278, 16.232693 0.484375 0.723633;
279, 16.239801 0.500977 0.115234;
280, 2.990368 0.729492 0.318359;
281, 14.451055 0.324707 0.051758;
282, 7.204787 0.683594 0.452637;
283, 9.231951 0.383301 0.535645;
284, 12.280875 0.085938 0.733398;
285, 9.249261 0.386719 0.225098;
286, 0.025548 0.779785 0.998047;
287, 9.713767 0.368164 0.358887;
288, 9.728757 0.337402 0.32959;
289, 9.740173 0.246582 0.22998;
290, 0.024807 0.95752 0.730957;
291, 7.259164 0.541504 0.239746;
292, 0.034 0.847168 0.530273;
293, 15.936101 0.056152 0.065918;
294, 0.147332 0.776855 0.694336;
295, 12.156071 0.30127 0.759766;
296, 0.226292 0.911621 0.398926;
297, 9.654334 0.37207 0.732422;
298, 9.638373 0.388672 0.932129;
299, 9.622813 0.384277 0.4375;
300, 9.62431 0.459473 0.149414;
301, 9.628816 0.290527 0.909668;
302, 2.553718 0.705566 0.046875;
303, 0.028373 0.822266 0.950684;
304, 13.335483 0.422363 0.682129;
305, 13.343522 0.254395 0.056152;
306, 13.352463 0.294922 0.594238;
307, 12.597101 0.619629 0.621094;
308, 12.589186 0.528809 0.766602;
309, 10.657865 0.720215 0.527344;
310, 12.526662 0.586426 0.654785;
311, 12.524395 0.627441 0.673828;
312, 13.576347 0.191406 0.221191;
313, 13.454496 0.243652 0.64502;
314, 13.454082 0.426758 0.675781;
315, 13.455197 0.302246 0.883789;
316, 0.025278 0.986816 0.964844;
317, 9.980145 0.396484 0.649414;
318, 9.303714 0.574219 0.650879;
319, 9.72264 0.230469 0.564453;
320, 9.707213 0.038574 0.789551;
321, 0.17999 0.799805 0.286621;
322, 18.669022 0.254395 0.5;
323, 0.016918 0.979492 0.849609;
324, 0.024802 0.741699 0.835449;
325, 11.099898 0.27002 0.08252;
326, 6.70887 0.660645 0.948242;
327, 0.009604 0.93457 0.369629;
328, 0.005569 0.831055 0.248535;
329, 0.04863 0.84375 0.432129;
330, 8.325198 0.431152 0.706055;
331, 0.047738 0.854004 0.65625;
332, 8.299494 0.652344 0.973145;
333, 10.213793 0.148438 0.726562;
334, 10.224278 0.143555 0.345703;
335, 0.157561 0.890137 0.36084;
336, 0.026819 0.814941 0.392578;
337, 0.034456 0.82959 0.626953;
338, 48.538857 0.180664 0.919434;
339, 48.539036 0.055664 0.600586;
340, 48.506302 0.293457 0.148438;
341, 48.506344 0.213379 0.821289;
342, 7.091846 0.662109 0.779297;
343, 7.244519 0.475098 0.174805;
344, 7.310222 0.214355 0.038574;
345, 7.125735 0.623535 0.883789;
346, 57.288429 0.275879 0.903809;
347, 7.078918 0.649414 0.057129;
348, 7.38622 0.449219 0.954102;
349, 0.011209 0.814941 0.994629;
350, 0.03171 0.849609 0.499023;
351, 15.534822 0.057129 0.289062;
352, 15.526366 0.123535 0.58252;
353, 0.047314 0.771973 0.706055;
354, 8.957781 0.429199 0.579102;
355, 8.96578 0.3125 0.299316;
356, 8.980101 0.395996 0.348633;
357, 8.982809 0.380371 0.521973;
358, 8.971994 0.215332 0.595215;
359, 8.728064 0.532715 0.928711;
360, 8.786583 0.288086 0.943359;
361, 8.731908 0.606445 0.284668;
362, 9.6367 0.435059 0.720215;
363, 9.659563 0.430176 0.443359;
364, 9.646953 0.306641 0.078613;
365, 4.635638 0.688965 0.319336;
366, 5.495106 0.495117 0.630371;
367, 5.480799 0.446289 0.021973;
368, 5.06022 0.643066 0.088867;
369, 6.470572 0.380371 0.302246;
370, 0.051527 0.772949 0.302734;
371, 8.999275 0.554199 0.242188;
372, 9.310457 0.23877 0.102051;
373, 0.088216 0.904297 0.105469;
374, 0.029314 0.973145 0.314453;
375, 6.153409 0.656738 0.172852;
376, 0.038452 0.947754 0.120605;
377, 6.978229 0.599609 0.736328;
378, 7.979201 0.362793 0.248047;
379, 8.009209 0.305664 0.003906;
380, 0.107942 0.907715 0.046875;
381, 10.642579 0.390137 0.302246;
382, 10.653423 0.43457 0.575195;
383, 13.841269 0.075684 0.733887;
384, 10.629318 0.32959 0.279297;
385, 10.631277 0.416016 0.502441;
386, 10.647562 0.408203 0.218262;
387, 0.069223 0.865723 0.265137;
388, 17.934607 0.271484 0.953613;
389, 17.934065 0.338867 0.446777;
390, 19.204565 0.041992 0.021484;
391, 17.916086 0.330078 0.791504;
392, 0.081205 0.794922 0.449707;
393, 13.17944 0.348633 0.197266;
394, 15.228807 0.107422 0.614746;
395, 0.075285 0.751465 0.719727;
396, 7.67804 0.471191 0.740234;
397, 7.675479 0.510254 0.05957;
398, 0.045452 0.949219 0.487793;
399, 0.020586 0.737793 0.254883;
400, 2.977298 0.665527 0.608887;
401, 9.682368 0.005859 0.15332;
