0, 0.018629 0.770996 0.754883;
1, 12.802987 0.048828 0.234375;
2, 12.801699 0.123047 0.108398;
3, 11.27531 0.398926 0.577637;
4, 11.262649 0.334961 0.450684;
5, 12.380626 0.029785 0.391113;
6, 0.253957 0.828613 0.734375;
7, 25.048292 0.275391 0.46582;
8, 25.108803 0.181152 0.049316;
9, 0.080026 0.822754 0.935059;
10, 17.023771 0.029785 0.27832;
11, 12.942718 0.672363 0.35791;
12, 13.100765 0.449707 0.335449;
13, 13.023525 0.61377 0.895996;
14, 13.049298 0.477539 0.871582;
15, 0.015071 0.967773 0.867676;
16, 6.987251 0.59668 0.478027;
17, 6.92676 0.539062 0.226074;
18, 0.081289 0.868164 0.705078;
19, 8.511482 0.404785 0.999023;
20, 7.159409 0.642578 0.433105;
21, 9.978727 0.15625 0.179199;
22, 9.969584 0.041016 0.101074;
23, 9.441401 0.319336 0.387207;
24, 0.043738 0.932129 0.56543;
25, 50.757931 0.087402 0.89502;
26, 0.522137 0.734863 0.154297;
27, 11.515173 0.157227 0.749512;
28, 11.115351 0.419434 0.076172;
29, 11.983188 0.136719 0.942383;
30, 0.147951 0.97168 0.385742;
31, 49.514729 0.28418 0.955566;
32, 0.037612 0.926758 0.001953;
33, 0.023267 0.965332 0.884277;
34, 13.814193 0.331055 0.330566;
35, 0.581016 0.736328 0.557617;
36, 11.763547 0.130859 0.563477;
37, 0.099357 0.773926 0.14502;
38, 0.013185 0.920898 0.029297;
39, 0.0256 0.747559 0.591309;
40, 11.84594 0.248535 0.271484;
41, 6.756417 0.623535 0.435059;
42, 0.040642 0.942871 0.16748;
43, 18.349882 0.637207 0.741699;
44, 0.339907 0.732422 0.439453;
45, 7.380786 0.462402 0.189453;
46, 7.387057 0.333496 0.991211;
47, 0.07943 0.876465 0.118164;
48, 0.994678 0.704102 0.434082;
49, 0.01277 0.830566 0.780273;
50, 25.14076 0.12207 0.063477;
51, 20.297977 0.672852 0.512695;
52, 22.122971 0.067383 0.370117;
53, 0.307848 0.849609 0.894043;
54, 21.243938 0.456543 0.516602;
55, 19.840828 0.731445 0.87793;
56, 0.063314 0.870117 0.144043;
57, 7.107866 0.570801 0.911621;
58, 2.489738 0.727051 0.424805;
59, 0.024008 0.92627 0.371582;
60, 6.363377 0.654785 0.759277;
61, 10.499627 0.019531 0.60498;
62, 8.596583 0.389648 0.227051;
63, 10.483276 0.074707 0.754883;
64, 0.098952 0.810059 0.224609;
65, 0.025513 0.820312 0.628906;
66, 21.242636 0.294922 0.196777;
67, 21.242636 0.422852 0.895508;
68, 0.020385 0.776367 0.790039;
69, 11.810956 0.229492 0.827148;
70, 11.803682 0.112793 0.407715;
71, 0.182006 0.905273 0.010254;
72, 10.080683 0.168945 0.134277;
73, 9.696337 0.408691 0.448242;
74, 0.027613 0.825195 0.530273;
75, 25.005524 0.022949 0.422852;
76, 0.208306 0.775879 0.936035;
77, 11.982698 0.321777 0.530762;
78, 13.421966 0.092285 0.20459;
79, 13.410803 0.104492 0.375488;
80, 7.606695 0.626465 0.006348;
81, 0.052513 0.812988 0.953125;
82, 10.868876 0.632812 0.066895;
83, 12.409229 0.229004 0.041016;
84, 12.425536 0.129883 0.974121;
85, 12.399921 0.321777 0.081055;
86, 12.381531 0.486816 0.05957;
87, 13.76709 0.054199 0.917969;
88, 13.802675 0.15918 0.211914;
89, 12.405577 0.253418 0.039062;
90, 12.44561 0.207031 0.18457;
91, 13.793682 0.500977 0.997559;
92, 12.384028 0.483887 0.892578;
93, 12.441207 0.367676 0.991211;
94, 12.402339 0.311523 0.862305;
95, 12.364358 0.376465 0.039062;
96, 12.385272 0.455566 0.976074;
97, 12.44384 0.290039 0.992676;
98, 10.930123 0.577637 0.326172;
99, 10.863246 0.629395 0.782715;
100, 10.846032 0.569824 0.006348;
101, 11.385818 0.212891 0.008789;
102, 11.359762 0.126465 0.162598;
103, 0.125854 0.742188 0.727539;
104, 8.199369 0.391602 0.723145;
105, 8.227454 0.414062 0.491699;
106, 8.195029 0.327637 0.17334;
107, 6.868651 0.625977 0.819824;
108, 0.080156 0.852539 0.659668;
109, 0.054692 0.803711 0.419922;
110, 16.792681 0.399902 0.939453;
111, 0.020686 0.771973 0.428711;
112, 0.0337 0.928223 0.564453;
113, 0.024606 0.97168 0.429688;
114, 14.441329 0.079102 0.085449;
115, 0.02895 0.990234 0.977539;
116, 12.020284 0.62793 0.306152;
117, 0.058386 0.932617 0.994141;
118, 0.018952 0.891113 0.839844;
119, 15.530143 0.309082 0.637695;
120, 8.803743 0.523438 0.097168;
121, 10.728054 0.060059 0.60791;
122, 10.730945 0.0625 0.819336;
123, 10.72372 0.143066 0.666016;
124, 8.884428 0.473145 0.847168;
125, 0.021507 0.902832 0.456543;
126, 0.027974 0.755859 0.766602;
127, 0.033897 0.98877 0.842285;
128, 48.947773 0.018066 0.839844;
129, 48.947205 0.108887 0.321777;
130, 9.146313 0.522949 0.641113;
131, 13.055423 0.073242 0.722656;
132, 0.174083 0.812988 0.09668;
133, 7.562721 0.493164 0.711426;
134, 2.30118 0.701172 0.343262;
135, 7.151723 0.507812 0.405762;
136, 0.064049 0.913086 0.647949;
137, 13.199742 0.19873 0.82373;
138, 13.188803 0.005371 0.415039;
139, 0.304306 0.848145 0.627441;
140, 9.351494 0.37207 0.234863;
141, 7.224196 0.614746 0.000977;
142, 10.736691 0.016602 0.446777;
143, 8.881031 0.369629 0.87207;
144, 7.234802 0.552734 0.846191;
145, 7.254426 0.608398 0.149902;
146, 0.04977 0.849121 0.049805;
147, 7.561526 0.523926 0.74707;
148, 0.021103 0.785156 0.428223;
149, 10.407955 0.507324 0.5;
150, 12.272499 0.124512 0.625;
151, 0.027462 0.999512 0.020996;
152, 20.706648 0.276855 0.390625;
153, 0.016561 0.992188 0.499512;
154, 15.618797 0.60791 0.554199;
155, 17.731848 0.09082 0.097168;
156, 0.19869 0.95752 0.047852;
157, 16.970127 0.094727 0.475586;
158, 8.258512 0.624023 0.192383;
159, 10.222405 0.175781 0.129395;
160, 10.043919 0.50293 0.510742;
161, 0.038733 0.819824 0.887207;
162, 18.080141 0.105469 0.435547;
163, 0.109221 0.777832 0.382324;
164, 8.790028 0.590332 0.964355;
165, 10.552762 0.144043 0.258301;
166, 10.56409 0.179199 0.027832;
167, 0.611402 0.733398 0.791992;
168, 12.037752 0.012695 0.042969;
169, 0.821024 0.701172 0.706055;
170, 10.884498 0.305176 0.675293;
171, 7.013416 0.61377 0.237793;
172, 8.618548 0.380859 0.62207;
173, 8.576331 0.454102 0.38623;
174, 0.008051 0.82959 0.118652;
175, 17.440374 0.312988 0.734375;
176, 17.43461 0.460938 0.772461;
177, 17.431631 0.331055 0.942383;
178, 7.31602 0.67334 0.513184;
179, 0.055018 0.758789 0.132324;
180, 7.859571 0.470215 0.370117;
181, 7.874794 0.377441 0.014648;
182, 0.044567 0.892578 0.992188;
183, 2.212153 0.683105 0.562988;
184, 7.218138 0.248047 0.682129;
185, 2.813176 0.574219 0.103516;
186, 6.89255 0.121582 0.166504;
187, 2.131027 0.72168 0.01709;
188, 13.91783 0.046875 0.376465;
189, 0.203993 0.832031 0.091797;
190, 0.012964 0.911621 0.091797;
191, 16.956011 0.09668 0.370117;
192, 0.122034 0.814453 0.839844;
193, 19.772966 0.103027 0.086426;
194, 13.199903 0.581543 0.664062;
195, 13.206041 0.54541 0.934082;
196, 14.620453 0.041992 0.09082;
197, 13.31757 0.447754 0.46875;
198, 15.517365 0.112305 0.073242;
199, 0.20878 0.912109 0.506836;
200, 0.028808 0.836426 0.209961;
201, 10.324646 0.15918 0.244629;
202, 2.443792 0.693359 0.010742;
203, 7.803361 0.646484 0.591797;
204, 8.062586 0.445312 0.399414;
205, 8.004393 0.373047 0.783203;
206, 8.005177 0.483887 0.308105;
207, 7.868966 0.609375 0.060059;
208, 10.896192 0.163574 0.72998;
209, 0.165143 0.840332 0.562012;
210, 7.018976 0.575684 0.90625;
211, 7.668723 0.335449 0.353516;
212, 7.644632 0.425781 0.514648;
213, 6.981485 0.632812 0.173828;
214, 7.011553 0.501465 0.925781;
215, 7.691798 0.161621 0.23584;
216, 0.079458 0.955566 0.851074;
217, 7.132206 0.548828 0.748047;
218, 0.040082 0.828613 0.900391;
219, 16.812605 0.570312 0.623047;
220, 17.045404 0.39209 0.247559;
221, 0.066312 0.988281 0.809082;
222, 0.01983 0.936523 0.659668;
223, 20.201746 0.054199 0.806641;
224, 0.264116 0.933105 0.074707;
225, 0.004787 0.995117 0.207031;
226, 21.367302 0.218262 0.257324;
227, 0.011264 0.990234 0.329102;
228, 10.293999 0.408691 0.848145;
229, 13.970162 0.086914 0.525391;
230, 2.698652 0.695312 0.14502;
231, 0.015158 0.924805 0.522949;
232, 15.060061 0.599121 0.064453;
233, 15.073872 0.568848 0.111816;
234, 0.006557 0.743164 0.077637;
235, 14.085559 0.060547 0.73877;
236, 12.7335 0.284668 0.910156;
237, 12.705557 0.375488 0.482422;
238, 0.04446 0.82373 0.797363;
239, 14.923012 0.476074 0.457031;
240, 14.926205 0.425781 0.521484;
241, 14.922755 0.568359 0.219727;
242, 15.224689 0.245117 0.845703;
243, 15.263244 0.160645 0.464844;
244, 15.251038 0.099609 0.366211;
245, 14.917451 0.60498 0.795898;
246, 15.504183 0.192383 0.497559;
247, 0.030121 0.983887 0.304688;
248, 0.028101 0.936523 0.853516;
249, 11.248699 0.344727 0.307617;
250, 0.227238 0.744629 0.916992;
251, 1.270066 0.687012 0.336914;
252, 3.2823 0.467773 0.418457;
253, 3.328482 0.423828 0.410156;
254, 0.003925 0.953125 0.162109;
255, 0.019449 0.866211 0.716309;
256, 13.232911 0.266602 0.12793;
257, 13.211489 0.419434 0.602051;
258, 0.019151 0.812012 0.432129;
259, 18.702538 0.441895 0.555664;
260, 18.640394 0.553223 0.084473;
261, 18.78166 0.412598 0.777344;
262, 18.782391 0.443848 0.929199;
263, 0.034501 0.998535 0.893555;
264, 7.11677 0.560547 0.140137;
265, 7.596674 0.216309 0.437012;
266, 0.038405 0.955566 0.754883;
267, 7.363082 0.533203 0.024902;
268, 0.006058 0.999023 0.554688;
269, 8.739636 0.45459 0.979492;
270, 8.69177 0.335938 0.651367;
271, 10.246653 0.064453 0.556641;
272, 8.737587 0.315918 0.48291;
273, 8.737324 0.416504 0.256836;
274, 8.610004 0.541504 0.232422;
275, 10.536376 0.050781 0.668945;
276, 2.594301 0.711914 0.222656;
277, 7.88946 0.422363 0.100586;
278, 7.597834 0.599609 0.756348;
279, 8.612066 0.223633 0.668945;
280, 0.134274 0.866211 0.017578;
281, 14.172582 0.213867 0.320801;
282, 14.164352 0.078125 0.553711;
283, 14.165369 0.085449 0.277832;
284, 14.175767 0.487305 0.958984;
285, 9.183356 0.581055 0.754395;
286, 0.040146 0.997559 0.432129;
287, 0.014196 0.847168 0.709961;
288, 10.251484 0.369629 0.577148;
289, 10.261033 0.491211 0.081543;
290, 0.029163 0.781738 0.48584;
291, 0.019567 0.798828 0.13623;
292, 22.449722 0.078613 0.638672;
293, 21.628248 0.29541 0.16748;
294, 22.205147 0.135742 0.324219;
295, 22.2013 0.169922 0.624512;
296, 22.203934 0.147461 0.393066;
297, 21.613171 0.35498 0.721191;
298, 21.612476 0.291992 0.508789;
299, 0.054944 0.839355 0.599609;
300, 7.042316 0.564941 0.441406;
301, 0.409015 0.735352 0.644043;
302, 1.752288 0.675781 0.70752;
303, 6.705915 0.178223 0.671875;
304, 0.226442 0.972656 0.023438;
305, 7.384889 0.547852 0.268555;
306, 7.334195 0.675781 0.71582;
307, 0.006295 0.929199 0.253906;
308, 0.030161 0.733398 0.097656;
309, 0.231176 0.701172 0.812012;
310, 12.001642 0.118164 0.096191;
311, 0.478375 0.871582 0.765625;
312, 0.51467 0.713867 0.170898;
313, 10.513587 0.243652 0.664551;
314, 10.51598 0.013184 0.727051;
315, 10.525862 0.192383 0.855957;
316, 6.609277 0.648438 0.055664;
317, 8.991908 0.253418 0.041504;
318, 0.027945 0.766602 0.559082;
319, 12.664809 0.120117 0.503418;
320, 11.703143 0.291992 0.6875;
321, 8.702613 0.592285 0.544922;
322, 9.607293 0.38623 0.45166;
323, 8.039362 0.628418 0.853516;
324, 47.763481 0.032715 0.925293;
325, 47.370049 0.308594 0.688965;
326, 0.026821 0.767578 0.791992;
327, 0.011273 0.834961 0.813965;
328, 0.005559 0.802734 0.471191;
329, 17.084585 0.274414 0.314453;
330, 17.084133 0.245117 0.965332;
331, 14.023914 0.54834 0.791016;
332, 14.065645 0.46875 0.12793;
333, 14.06628 0.500977 0.515625;
334, 14.061378 0.270508 0.278809;
335, 14.282657 0.094727 0.000977;
336, 0.094138 0.821777 0.055176;
337, 22.47683 0.618652 0.513672;
338, 23.708614 0.081055 0.227539;
339, 0.367858 0.871094 0.70166;
340, 6.530943 0.65918 0.095703;
341, 9.633018 0.244629 0.45166;
342, 9.645143 0.421875 0.711914;
343, 0.070917 0.766113 0.37793;
344, 15.628667 0.078613 0.071777;
345, 15.630985 0.165527 0.610352;
346, 12.564593 0.416992 0.279297;
347, 12.557983 0.358887 0.355469;
348, 9.10737 0.551758 0.081543;
349, 0.007264 0.825195 0.493652;
350, 0.94636 0.702637 0.331543;
351, 14.082982 0.035645 0.022461;
352, 0.94735 0.707031 0.11084;
353, 8.299069 0.387695 0.755371;
354, 0.133276 0.853027 0.678223;
355, 17.00445 0.102051 0.672852;
356, 17.019831 0.054688 0.97998;
357, 8.523523 0.526367 0.20166;
358, 8.502211 0.42627 0.96582;
359, 7.194324 0.650391 0.86084;
360, 0.040506 0.939941 0.657227;
361, 3.041961 0.671387 0.827637;
362, 0.04108 0.957031 0.416992;
363, 12.772641 0.317871 0.752441;
364, 2.755719 0.72998 0.617188;
365, 13.888611 0.008301 0.220703;
366, 0.469432 0.891602 0.990723;
367, 7.102203 0.54248 0.430176;
368, 7.252925 0.260742 0.988281;
369, 0.14083 0.934082 0.669922;
370, 49.630569 0.249512 0.972168;
371, 7.296572 0.679688 0.092285;
372, 0.223199 0.745117 0.753418;
373, 0.011254 0.959473 0.124512;
374, 15.424154 0.250488 0.419434;
375, 0.030187 0.97998 0.480469;
376, 0.02175 0.927734 0.22998;
377, 19.313829 0.314453 0.638184;
378, 7.499285 0.683105 0.200195;
379, 7.533169 0.581055 0.55957;
380, 7.493443 0.59082 0.553711;
381, 7.596779 0.463867 0.216797;
382, 7.614703 0.297852 0.555664;
383, 0.112452 0.840332 0.6875;
384, 0.054938 0.800293 0.564453;
385, 6.819376 0.656738 0.59375;
386, 7.101267 0.437012 0.006836;
387, 6.799639 0.671875 0.463867;
388, 9.281648 0.237793 0.479492;
389, 9.280936 0.369141 0.239746;
390, 6.806227 0.672852 0.253906;
391, 9.507589 0.271484 0.401855;
392, 9.735476 0.112793 0.638184;
393, 6.801376 0.682129 0.055176;
394, 9.564694 0.384766 0.050293;
395, 9.603572 0.248047 0.848145;
396, 9.687005 0.167969 0.644531;
397, 0.028335 0.762207 0.300781;
398, 0.022691 0.946289 0.294922;
399, 0.33932 0.724121 0.422852;
400, 7.324555 0.452637 0.571777;
401, 0.009353 0.794922 0.675293;
