0, 11.874052 0.144043 0.01123;
1, 11.884265 0.05957 0.213867;
2, 10.215034 0.51123 0.166992;
3, 9.971836 0.557617 0.196289;
4, 9.956295 0.493652 0.538086;
5, 0.232703 0.740723 0.91748;
6, 11.438639 0.152344 0.589355;
7, 11.03899 0.416504 0.620117;
8, 0.052697 0.81543 0.905273;
9, 17.269171 0.287109 0.269043;
10, 0.120488 0.868652 0.402832;
11, 0.015639 0.797363 0.504395;
12, 16.848976 0.26123 0.107422;
13, 16.84425 0.271973 0.247559;
14, 16.845943 0.423828 0.400879;
15, 0.28544 0.73877 0.407715;
16, 8.61165 0.387207 0.962891;
17, 7.25799 0.612305 0.862793;
18, 0.033183 0.968262 0.733887;
19, 0.031064 0.989258 0.835938;
20, 15.026353 0.294922 0.355957;
21, 15.01409 0.415039 0.325195;
22, 9.808133 0.550781 0.32666;
23, 7.760632 0.638184 0.179199;
24, 11.88495 0.046387 0.07666;
25, 0.2282 0.84082 0.879883;
26, 10.367091 0.62207 0.362305;
27, 12.054092 0.17041 0.344727;
28, 0.148208 0.924316 0.119629;
29, 8.441406 0.459961 0.306152;
30, 0.033919 0.925293 0.217773;
31, 1.263568 0.699219 0.624023;
32, 8.255579 0.645508 0.562012;
33, 10.175635 0.266602 0.263672;
34, 10.149771 0.236816 0.880859;
35, 10.130589 0.445801 0.397461;
36, 10.13696 0.361328 0.952637;
37, 10.173154 0.373535 0.275879;
38, 10.910729 0.148438 0.756348;
39, 8.264709 0.574707 0.567871;
40, 8.309953 0.46875 0.602051;
41, 0.140747 0.871094 0.944824;
42, 14.433352 0.09668 0.463379;
43, 12.213149 0.391113 0.1875;
44, 8.163938 0.560059 0.758301;
45, 8.232623 0.436523 0.314453;
46, 8.098871 0.562012 0.931152;
47, 0.034553 0.95459 0.634766;
48, 13.688383 0.634277 0.822266;
49, 15.773689 0.006348 0.302734;
50, 14.592101 0.334473 0.781738;
51, 13.766356 0.570312 0.711426;
52, 0.076004 0.92041 0.243652;
53, 18.244505 0.085449 0.871094;
54, 18.23177 0.148438 0.835449;
55, 16.303616 0.279785 0.743652;
56, 0.102444 0.839355 0.994141;
57, 22.49143 0.110352 0.058105;
58, 21.580788 0.345703 0.441895;
59, 0.033998 0.924316 0.020508;
60, 0.016141 0.812012 0.832031;
61, 0.028809 0.73291 0.777344;
62, 10.356329 0.163086 0.911621;
63, 9.883465 0.447266 0.965332;
64, 11.565554 0.052246 0.318848;
65, 11.558544 0.091797 0.817871;
66, 11.546786 0.074707 0.313965;
67, 11.584767 0.069336 0.870117;
68, 7.28131 0.556641 0.324707;
69, 7.264368 0.497559 0.749512;
70, 7.24544 0.368652 0.595215;
71, 0.038182 0.799316 0.972168;
72, 11.469526 0.376953 0.309082;
73, 11.474115 0.409668 0.375488;
74, 11.45835 0.229492 0.566406;
75, 9.625225 0.652832 0.226562;
76, 0.035028 0.852539 0.283203;
77, 15.53667 0.227539 0.76709;
78, 15.527483 0.117676 0.306152;
79, 15.500076 0.468262 0.737305;
80, 8.989945 0.592285 0.998047;
81, 9.695004 0.300781 0.553711;
82, 9.680853 0.288086 0.121094;
83, 0.058149 0.867676 0.445801;
84, 7.449598 0.518555 0.404785;
85, 7.590434 0.211914 0.021484;
86, 7.48988 0.552246 0.453613;
87, 7.635238 0.45166 0.583008;
88, 7.597754 0.502441 0.527344;
89, 0.061156 0.762695 0.333496;
90, 13.684969 0.179199 0.493164;
91, 3.432776 0.694336 0.647461;
92, 10.03592 0.629395 0.530762;
93, 0.015764 0.776855 0.686035;
94, 0.025786 0.84375 0.337891;
95, 8.826262 0.44873 0.088867;
96, 8.622206 0.530273 0.51709;
97, 8.578323 0.499023 0.818848;
98, 0.007474 0.868652 0.220703;
99, 0.011651 0.827637 0.820801;
100, 0.04099 0.862305 0.695801;
101, 0.005791 0.814941 0.089844;
102, 0.9532 0.702148 0.358398;
103, 11.766131 0.165527 0.85498;
104, 11.452436 0.242188 0.845215;
105, 11.469036 0.043945 0.152344;
106, 11.438977 0.511719 0.736328;
107, 12.929143 0.030762 0.823242;
108, 11.448014 0.261719 0.833496;
109, 11.454269 0.317871 0.36377;
110, 6.631201 0.644043 0.288086;
111, 9.132904 0.286133 0.341797;
112, 9.146601 0.282715 0.899902;
113, 0.067653 0.96582 0.657227;
114, 15.313643 0.169434 0.753906;
115, 0.155057 0.929199 0.739746;
116, 0.036811 0.834473 0.29541;
117, 17.350323 0.074219 0.529785;
118, 2.345515 0.69873 0.084961;
119, 0.430041 0.739746 0.083984;
120, 12.873813 0.095703 0.939453;
121, 11.386539 0.268555 0.943848;
122, 1.956986 0.729004 0.082031;
123, 14.809377 0.060059 0.945312;
124, 13.530975 0.389648 0.952637;
125, 7.613568 0.520996 0.089844;
126, 7.6337 0.394043 0.470703;
127, 0.093436 0.862793 0.430176;
128, 17.968077 0.010254 0.744141;
129, 16.910782 0.438477 0.657227;
130, 8.877227 0.558105 0.744629;
131, 0.063128 0.754395 0.783691;
132, 0.039205 0.950684 0.363281;
133, 6.993532 0.655762 0.666016;
134, 9.376208 0.196777 0.105469;
135, 7.025295 0.628418 0.693359;
136, 8.135046 0.387695 0.64502;
137, 0.021064 0.805664 0.213867;
138, 22.875389 0.355469 0.624512;
139, 22.878208 0.312012 0.890625;
140, 21.61688 0.585938 0.804688;
141, 20.104357 0.723633 0.730469;
142, 22.127239 0.486328 0.988281;
143, 22.120743 0.022461 0.85498;
144, 21.276495 0.369141 0.357422;
145, 21.352406 0.198242 0.931152;
146, 21.279989 0.398438 0.216797;
147, 22.989193 0.068848 0.647461;
148, 21.27751 0.291504 0.104492;
149, 21.143177 0.669434 0.621582;
150, 21.188251 0.521484 0.299316;
151, 21.200333 0.396973 0.615234;
152, 0.069007 0.922852 0.435547;
153, 0.021587 0.868164 0.000977;
154, 3.68003 0.671875 0.634766;
155, 3.755493 0.564453 0.929688;
156, 3.344918 0.729492 0.59668;
157, 0.015548 0.973145 0.96582;
158, 19.268112 0.20752 0.218262;
159, 0.063447 0.809082 0.555664;
160, 18.853611 0.322754 0.089844;
161, 0.874262 0.732422 0.944336;
162, 10.077388 0.244141 0.304688;
163, 10.201921 0.189453 0.106445;
164, 0.23883 0.864258 0.759277;
165, 18.649099 0.075684 0.099121;
166, 0.142796 0.95459 0.771484;
167, 9.834621 0.410645 0.107422;
168, 9.820113 0.353516 0.290039;
169, 10.079692 0.165527 0.68457;
170, 0.344857 0.862793 0.686035;
171, 49.086403 0.180664 0.85791;
172, 2.329711 0.726074 0.841309;
173, 0.030974 0.908691 0.614258;
174, 7.290746 0.530273 0.810059;
175, 7.414227 0.219238 0.798828;
176, 7.389401 0.243652 0.442383;
177, 0.039467 0.969727 0.715332;
178, 13.975161 0.338379 0.905762;
179, 13.99189 0.501465 0.385742;
180, 13.997159 0.221191 0.651855;
181, 14.005493 0.181152 0.925293;
182, 0.028238 0.758789 0.206055;
183, 7.916742 0.503906 0.577637;
184, 0.064889 0.807617 0.993164;
185, 15.655645 0.041504 0.498535;
186, 14.43279 0.481934 0.792969;
187, 15.642193 0.016602 0.854004;
188, 0.175946 0.887695 0.025391;
189, 13.697463 0.341309 0.366211;
190, 15.12827 0.093262 0.424316;
191, 13.710434 0.388672 0.390625;
192, 7.752721 0.639648 0.757324;
193, 9.519459 0.199707 0.855957;
194, 9.545406 0.095215 0.04834;
195, 0.161481 0.976074 0.02832;
196, 0.027856 0.95752 0.688965;
197, 0.020364 0.942871 0.116699;
198, 0.029799 0.881348 0.296387;
199, 8.896925 0.443359 0.781738;
200, 12.012885 0.007812 0.382812;
201, 2.520019 0.726074 0.501465;
202, 0.033549 0.768555 0.15918;
203, 12.364002 0.336426 0.25293;
204, 8.939692 0.651855 0.397461;
205, 10.643574 0.315918 0.213379;
206, 12.137932 0.115723 0.40625;
207, 8.970108 0.629883 0.194336;
208, 0.032931 0.965332 0.749512;
209, 0.322602 0.722168 0.337891;
210, 6.590517 0.583008 0.166992;
211, 6.607679 0.601562 0.140625;
212, 10.043053 0.058594 0.966797;
213, 6.565208 0.574219 0.966309;
214, 6.570308 0.530762 0.103516;
215, 0.017343 0.755371 0.585449;
216, 12.157673 0.225586 0.987793;
217, 12.119208 0.429199 0.343262;
218, 0.043207 0.794434 0.467773;
219, 2.256992 0.685059 0.653809;
220, 8.450253 0.319336 0.609375;
221, 0.141631 0.894043 0.923828;
222, 0.022209 0.932617 0.544434;
223, 4.20116 0.661621 0.869629;
224, 4.454381 0.477051 0.191895;
225, 4.217314 0.62793 0.169434;
226, 4.233092 0.530273 0.651367;
227, 4.22066 0.615723 0.022461;
228, 3.400213 0.687988 0.165039;
229, 0.038242 0.761719 0.57373;
230, 13.567775 0.289062 0.042969;
231, 0.087897 0.946289 0.114258;
232, 11.381776 0.36377 0.264648;
233, 11.407669 0.481445 0.678711;
234, 0.032955 0.883301 0.316895;
235, 5.804304 0.664551 0.918457;
236, 5.95986 0.493652 0.657227;
237, 5.957752 0.520996 0.145996;
238, 5.973227 0.411133 0.502441;
239, 8.527147 0.106445 0.194824;
240, 6.010175 0.419434 0.311035;
241, 0.024278 0.78418 0.202637;
242, 17.45529 0.211914 0.36084;
243, 11.764333 0.680664 0.138672;
244, 12.290064 0.411621 0.688477;
245, 12.306984 0.256348 0.763184;
246, 12.316509 0.359863 0.200195;
247, 13.708034 0.018555 0.309082;
248, 12.301512 0.29541 0.796387;
249, 12.394642 0.181152 0.578613;
250, 0.018084 0.995605 0.669922;
251, 18.184891 0.30957 0.169922;
252, 11.086321 0.556152 0.397949;
253, 11.294169 0.229004 0.459473;
254, 11.322953 0.223145 0.572754;
255, 11.352631 0.085938 0.305176;
256, 0.193243 0.918457 0.592285;
257, 0.675795 0.709473 0.92627;
258, 7.433401 0.404785 0.350586;
259, 7.474538 0.416504 0.987305;
260, 7.548389 0.197754 0.588867;
261, 7.417502 0.478516 0.765137;
262, 7.398944 0.293457 0.605957;
263, 7.469513 0.484375 0.942383;
264, 7.00304 0.535156 0.329102;
265, 7.568734 0.159668 0.455566;
266, 6.554052 0.677734 0.035156;
267, 0.042866 0.83252 0.802734;
268, 22.15988 0.254395 0.755859;
269, 22.18614 0.068359 0.462402;
270, 22.185148 0.156738 0.179199;
271, 0.084805 0.780762 0.074707;
272, 14.103919 0.405762 0.52002;
273, 12.913692 0.63623 0.992188;
274, 12.970656 0.458496 0.595215;
275, 0.062741 0.845703 0.200684;
276, 0.05357 0.837891 0.09375;
277, 2.333907 0.687012 0.882324;
278, 2.341763 0.674805 0.791016;
279, 3.686982 0.414551 0.572266;
280, 0.08998 0.913574 0.356445;
281, 19.846827 0.03418 0.188477;
282, 19.844732 0.165039 0.469238;
283, 0.197362 0.918945 0.977051;
284, 0.219781 0.71875 0.099121;
285, 12.066134 0.303711 0.379395;
286, 0.015495 0.82959 0.087891;
287, 18.370325 0.627441 0.791504;
288, 18.346624 0.622559 0.780762;
289, 0.008468 0.887207 0.53418;
290, 15.359356 0.115234 0.610352;
291, 14.251787 0.337891 0.086426;
292, 8.822337 0.534668 0.11377;
293, 8.936757 0.335938 0.507324;
294, 0.160362 0.859863 0.651367;
295, 20.35722 0.002441 0.204102;
296, 20.364279 0.229004 0.829102;
297, 19.439629 0.439941 0.030273;
298, 20.34849 0.062988 0.626953;
299, 19.42869 0.374023 0.23877;
300, 7.199118 0.672852 0.434082;
301, 2.388677 0.722168 0.347656;
302, 11.535709 0.210938 0.98584;
303, 0.147012 0.946289 0.131348;
304, 9.627994 0.243164 0.529297;
305, 9.638821 0.495117 0.445801;
306, 9.655762 0.305664 0.434082;
307, 9.637931 0.394043 0.602051;
308, 0.057863 0.871094 0.479004;
309, 10.982816 0.364258 0.026367;
310, 13.062532 0.007324 0.964844;
311, 8.830969 0.590332 0.191406;
312, 0.490767 0.73877 0.479492;
313, 0.793015 0.687988 0.186523;
314, 0.011441 0.966309 0.508789;
315, 0.018339 0.740723 0.599609;
316, 0.013164 0.80127 0.701172;
317, 0.209227 0.71875 0.021973;
318, 13.515159 0.033691 0.322754;
319, 0.265661 0.907715 0.318848;
320, 0.022039 0.999512 0.021973;
321, 10.740046 0.651367 0.798828;
322, 0.006355 0.950195 0.507324;
323, 18.264608 0.242676 0.944824;
324, 18.265358 0.345703 0.444824;
325, 18.247328 0.380859 0.471191;
326, 18.253469 0.289062 0.69043;
327, 0.09608 0.889648 0.514648;
328, 7.139456 0.563965 0.04834;
329, 0.016018 0.883789 0.845703;
330, 0.005944 0.966797 0.522461;
331, 11.66908 0.359375 0.202637;
332, 13.989072 0.000977 0.836426;
333, 10.694445 0.545898 0.000488;
334, 0.623959 0.739746 0.195801;
335, 11.200457 0.631348 0.135254;
336, 11.237302 0.489746 0.607422;
337, 11.269897 0.25293 0.780273;
338, 11.200566 0.646484 0.703125;
339, 12.399898 0.333496 0.41748;
340, 12.377265 0.289062 0.460938;
341, 0.312305 0.742676 0.750488;
342, 7.475954 0.452637 0.941895;
343, 7.475718 0.491211 0.069336;
344, 0.0846 0.893555 0.109375;
345, 18.557716 0.188477 0.915039;
346, 18.550486 0.126465 0.849609;
347, 9.947389 0.591797 0.145508;
348, 9.96515 0.58252 0.104004;
349, 2.777772 0.730957 0.558594;
350, 9.084377 0.352539 0.228027;
351, 7.67229 0.555664 0.229004;
352, 0.020375 0.818359 0.29834;
353, 15.864604 0.24707 0.631348;
354, 15.866659 0.253418 0.146973;
355, 8.422371 0.544922 0.357422;
356, 8.5997 0.443848 0.032227;
357, 8.450665 0.526855 0.602539;
358, 0.008945 0.786133 0.019531;
359, 19.08712 0.287109 0.422363;
360, 0.098923 0.828613 0.181641;
361, 7.417001 0.541016 0.67627;
362, 8.780247 0.144531 0.646973;
363, 7.471848 0.376465 0.924805;
364, 7.403813 0.593262 0.902344;
365, 7.387169 0.489746 0.396484;
366, 7.368393 0.324707 0.429688;
367, 0.006954 0.982422 0.757812;
368, 11.188471 0.327637 0.807617;
369, 11.19734 0.22168 0.954102;
370, 11.172174 0.272949 0.470703;
371, 7.544814 0.635254 0.958496;
372, 10.756947 0.05127 0.685547;
373, 0.226867 0.957031 0.021973;
374, 11.104054 0.379395 0.53418;
375, 11.191792 0.208008 0.658203;
376, 3.240532 0.720703 0.902832;
377, 7.678976 0.484863 0.876953;
378, 7.643274 0.561523 0.949707;
379, 7.66287 0.59082 0.980469;
380, 10.395464 0.035156 0.339844;
381, 8.495083 0.265137 0.904297;
382, 7.661059 0.564453 0.942871;
383, 7.311698 0.650879 0.824219;
384, 0.068548 0.836426 0.184082;
385, 16.285141 0.624512 0.747559;
386, 16.960085 0.328125 0.155762;
387, 0.038187 0.984375 0.515625;
388, 8.48112 0.650879 0.002441;
389, 0.011437 0.923828 0.70459;
390, 7.785997 0.481445 0.395508;
391, 0.025472 0.998047 0.714355;
392, 7.487428 0.531738 0.365723;
393, 0.01914 0.911621 0.089844;
394, 4.395947 0.673828 0.104492;
395, 8.061355 0.296875 0.905273;
396, 0.140373 0.895996 0.388672;
397, 20.638548 0.306641 0.224121;
398, 7.50283 0.620605 0.57666;
399, 9.496041 0.344727 0.793945;
400, 8.418802 0.562988 0.079102;
401, 8.819547 0.308594 0.069336;
