0, 134.366776 0.000488 0.59375;
1, 134.227142 0.315918 0.052246;
2, 134.22641 0.271973 0.616211;
3, 99.994774 0.644043 0.498047;
4, 0.032967 0.753906 0.555176;
5, 13.636719 0.068359 0.838867;
6, 7.879546 0.613281 0.979004;
7, 0.032351 0.766602 0.183105;
8, 13.132446 0.168457 0.815918;
9, 13.127624 0.19873 0.154297;
10, 9.702184 0.571289 0.943359;
11, 9.705868 0.496094 0.444336;
12, 8.87869 0.651855 0.411133;
13, 10.402284 0.308594 0.973145;
14, 10.734356 0.158203 0.351074;
15, 10.422379 0.347168 0.375;
16, 10.431451 0.25 0.375;
17, 10.422308 0.218262 0.528809;
18, 10.40553 0.348633 0.116211;
19, 8.948249 0.572754 0.291992;
20, 0.009179 0.961426 0.879883;
21, 47.952713 0.302246 0.978027;
22, 48.135174 0.077148 0.986816;
23, 47.9534 0.383789 0.578613;
24, 48.773739 0.004395 0.794922;
25, 48.772362 0.194336 0.476562;
26, 48.777161 0.114258 0.73877;
27, 47.953072 0.336426 0.598145;
28, 0.034315 0.972168 0.872559;
29, 0.374612 0.720215 0.934082;
30, 0.017923 0.979492 0.927734;
31, 6.98851 0.582031 0.36377;
32, 0.029393 0.821289 0.314453;
33, 0.013137 0.888672 0.225098;
34, 17.002085 0.253418 0.193848;
35, 0.110137 0.86377 0.358398;
36, 22.000261 0.288574 0.20166;
37, 21.995287 0.262695 0.519043;
38, 0.075351 0.96875 0.818359;
39, 0.031024 0.947266 0.239746;
40, 9.579109 0.437988 0.029785;
41, 0.030665 0.8125 0.208496;
42, 1.488824 0.694336 0.808594;
43, 14.646841 0.361816 0.33252;
44, 14.613682 0.486816 0.336914;
45, 0.010542 0.90625 0.500488;
46, 0.036785 0.750977 0.549316;
47, 13.540115 0.040039 0.851074;
48, 0.313089 0.931641 0.316895;
49, 12.199396 0.097168 0.282227;
50, 0.096711 0.821289 0.108887;
51, 7.10471 0.558105 0.410645;
52, 8.187346 0.17041 0.412109;
53, 0.132172 0.894043 0.087402;
54, 0.040221 0.901367 0.053223;
55, 9.638362 0.413574 0.287598;
56, 11.044256 0.132812 0.943848;
57, 0.176758 0.915039 0.623535;
58, 0.013769 0.838379 0.41748;
59, 0.040595 0.840332 0.510254;
60, 0.021862 0.74707 0.571777;
61, 2.812688 0.664062 0.502441;
62, 0.030129 0.844238 0.945312;
63, 50.75864 0.219238 0.933594;
64, 18.129066 0.633301 0.925293;
65, 18.701759 0.32666 0.040527;
66, 18.699846 0.378906 0.504395;
67, 0.090406 0.849609 0.233398;
68, 10.02761 0.383789 0.03125;
69, 9.128895 0.550293 0.025879;
70, 9.553727 0.195801 0.223633;
71, 9.571751 0.055176 0.769043;
72, 9.586843 0.204102 0.14209;
73, 0.076746 0.820801 0.234375;
74, 14.335751 0.633301 0.171875;
75, 14.349319 0.467285 0.651855;
76, 14.341845 0.334961 0.378906;
77, 0.100522 0.84375 0.530762;
78, 14.848615 0.102539 0.729004;
79, 12.700908 0.501465 0.730957;
80, 8.211633 0.58252 0.285645;
81, 2.321476 0.718262 0.324219;
82, 12.08983 0.119141 0.701172;
83, 0.005537 0.978516 0.061035;
84, 0.016353 0.978027 0.423828;
85, 10.872971 0.220215 0.02832;
86, 10.859873 0.396973 0.321777;
87, 0.090915 0.870605 0.688477;
88, 10.369998 0.374512 0.100098;
89, 10.379898 0.403809 0.951172;
90, 3.366142 0.686035 0.825195;
91, 5.566561 0.362305 0.701172;
92, 5.572886 0.508789 0.948242;
93, 8.222073 0.046875 0.506348;
94, 2.369202 0.703613 0.703125;
95, 11.175756 0.186523 0.759277;
96, 0.106385 0.901367 0.240723;
97, 8.441287 0.443359 0.565918;
98, 8.284962 0.565918 0.106445;
99, 10.616168 0.023438 0.287598;
100, 8.34758 0.581543 0.584473;
101, 9.559567 0.160645 0.779297;
102, 8.998048 0.343262 0.755371;
103, 9.006227 0.412598 0.854004;
104, 9.008862 0.306152 0.908691;
105, 7.465761 0.680176 0.277344;
106, 7.441776 0.645508 0.066895;
107, 7.475605 0.503906 0.251953;
108, 0.276487 0.740234 0.529297;
109, 0.052478 0.98877 0.289062;
110, 7.148019 0.571777 0.099609;
111, 0.011224 0.875 0.428223;
112, 8.324592 0.460938 0.972656;
113, 8.256978 0.590332 0.288574;
114, 0.010147 0.82959 0.153809;
115, 0.02911 0.843262 0.734863;
116, 0.027414 0.831055 0.038574;
117, 19.872524 0.240234 0.106934;
118, 0.014076 0.983398 0.43457;
119, 7.706191 0.51416 0.956055;
120, 7.688334 0.434082 0.140625;
121, 2.752244 0.72998 0.743164;
122, 0.012083 0.817383 0.46582;
123, 0.040363 0.917969 0.444336;
124, 0.031096 0.836426 0.661621;
125, 0.02686 0.928711 0.757324;
126, 19.316513 0.276367 0.451172;
127, 19.317297 0.449219 0.030762;
128, 0.027983 0.947266 0.79834;
129, 7.026812 0.580078 0.742188;
130, 34.093243 0.10498 0.994629;
131, 0.127088 0.967285 0.914062;
132, 0.04143 0.852539 0.152832;
133, 0.005243 0.85791 0.354004;
134, 15.598594 0.148926 0.624023;
135, 0.282743 0.879883 0.800781;
136, 9.43368 0.377441 0.609863;
137, 7.275994 0.64209 0.021484;
138, 9.839223 0.333008 0.969727;
139, 0.193405 0.872559 0.794922;
140, 0.023527 0.864258 0.5;
141, 7.577535 0.483887 0.570801;
142, 7.584861 0.233398 0.843262;
143, 0.099357 0.919922 0.946777;
144, 1.756096 0.685059 0.837891;
145, 1.763793 0.646973 0.387207;
146, 0.012966 0.999512 0.655273;
147, 9.828361 0.447754 0.429199;
148, 12.895212 0.065918 0.952148;
149, 0.180989 0.918457 0.172852;
150, 8.118049 0.476074 0.053711;
151, 0.06792 0.913086 0.265625;
152, 17.637762 0.637207 0.947266;
153, 18.182926 0.254883 0.368652;
154, 17.595737 0.552734 0.638184;
155, 17.689707 0.318848 0.955078;
156, 0.122317 0.879883 0.539551;
157, 10.15024 0.378418 0.159668;
158, 0.015914 0.816895 0.682129;
159, 7.933534 0.647949 0.263672;
160, 11.569972 0.062988 0.664062;
161, 11.602549 0.117676 0.260254;
162, 7.916282 0.62793 0.583984;
163, 6.017681 0.693848 0.811523;
164, 16.577618 0.021973 0.039551;
165, 6.049397 0.688477 0.490723;
166, 11.882285 0.119141 0.749512;
167, 6.024176 0.711914 0.852051;
168, 0.586232 0.739258 0.888672;
169, 0.032494 0.804199 0.479004;
170, 18.653662 0.307129 0.91748;
171, 0.121709 0.899902 0.722656;
172, 12.764241 0.628906 0.320312;
173, 12.845052 0.48584 0.272461;
174, 7.56442 0.696777 0.009766;
175, 13.573163 0.295898 0.874512;
176, 0.126423 0.910156 0.938965;
177, 14.936172 0.057617 0.36377;
178, 14.930123 0.143555 0.667969;
179, 0.099694 0.782715 0.507812;
180, 11.316601 0.385742 0.450195;
181, 10.548793 0.552246 0.916016;
182, 10.537702 0.563477 0.634766;
183, 7.519983 0.689453 0.675781;
184, 0.122988 0.74707 0.850098;
185, 0.040448 0.943848 0.013184;
186, 17.216644 0.227051 0.662109;
187, 17.201181 0.319824 0.400391;
188, 10.7489 0.564941 0.850586;
189, 10.749417 0.55127 0.467773;
190, 8.302969 0.670898 0.34375;
191, 10.443779 0.495605 0.971191;
192, 3.155009 0.724609 0.634766;
193, 0.009917 0.805176 0.342773;
194, 21.904547 0.033203 0.972656;
195, 17.757401 0.640137 0.389648;
196, 18.742874 0.294922 0.420898;
197, 19.209217 0.101562 0.938477;
198, 18.745947 0.251465 0.99707;
199, 18.742455 0.383301 0.209473;
200, 18.778614 0.210938 0.276367;
201, 0.108156 0.8125 0.707031;
202, 49.435101 0.289551 0.942871;
203, 0.168726 0.866211 0.429199;
204, 15.746894 0.094727 0.295898;
205, 13.567667 0.410645 0.509277;
206, 8.802881 0.574219 0.831543;
207, 7.366926 0.666016 0.756836;
208, 11.625418 0.025879 0.057617;
209, 11.613654 0.225098 0.379395;
210, 0.05336 0.816895 0.577637;
211, 0.009237 0.885254 0.424805;
212, 11.911755 0.349121 0.51123;
213, 13.729016 0.078613 0.77832;
214, 11.906026 0.445312 0.416992;
215, 11.922034 0.257324 0.124023;
216, 11.922224 0.512207 0.26416;
217, 0.058021 0.897461 0.869141;
218, 14.455188 0.322266 0.84375;
219, 14.467118 0.32666 0.753906;
220, 8.48194 0.61377 0.784668;
221, 10.781054 0.14502 0.03418;
222, 10.79965 0.098145 0.813965;
223, 0.166277 0.935059 0.270508;
224, 22.275032 0.172852 0.848633;
225, 22.278671 0.205078 0.291504;
226, 22.137598 0.447266 0.803711;
227, 0.014423 0.824219 0.793945;
228, 2.481682 0.682617 0.124512;
229, 2.454874 0.69043 0.722656;
230, 8.716829 0.135742 0.804199;
231, 7.928014 0.508301 0.935547;
232, 7.923499 0.342285 0.396973;
233, 7.910881 0.372559 0.32373;
234, 3.038446 0.609375 0.190918;
235, 3.034579 0.572266 0.980957;
236, 4.374704 0.200195 0.402344;
237, 4.383468 0.050781 0.358398;
238, 0.473389 0.887695 0.886719;
239, 15.507106 0.047852 0.108887;
240, 14.284309 0.334473 0.625488;
241, 0.099116 0.891113 0.550781;
242, 10.836489 0.370605 0.215332;
243, 12.400684 0.08252 0.069336;
244, 0.1695 0.974609 0.734375;
245, 11.897061 0.366699 0.202637;
246, 11.915618 0.290527 0.310059;
247, 7.665809 0.619141 0.135254;
248, 7.847967 0.4375 0.291504;
249, 0.056817 0.851562 0.661621;
250, 16.823582 0.001465 0.414551;
251, 15.713011 0.354004 0.178223;
252, 7.241618 0.651855 0.566406;
253, 7.963164 0.413086 0.364258;
254, 8.782263 0.162109 0.32959;
255, 8.063122 0.299316 0.157715;
256, 7.239849 0.680664 0.144531;
257, 8.098789 0.407227 0.321777;
258, 8.136911 0.41748 0.779785;
259, 7.555957 0.536621 0.54541;
260, 7.788448 0.191406 0.756836;
261, 7.615544 0.285156 0.871582;
262, 2.323826 0.729004 0.970215;
263, 11.244284 0.315918 0.646484;
264, 11.244354 0.266602 0.984375;
265, 11.216619 0.469238 0.489746;
266, 0.048852 0.856445 0.736816;
267, 0.041116 0.819824 0.40625;
268, 12.554513 0.286621 0.644043;
269, 13.182982 0.12793 0.850586;
270, 8.514566 0.573242 0.617188;
271, 8.988237 0.362305 0.008789;
272, 7.139599 0.62793 0.988281;
273, 2.269373 0.724121 0.382812;
274, 0.022579 0.873535 0.883789;
275, 12.992286 0.155273 0.274414;
276, 13.012732 0.21582 0.304688;
277, 13.000669 0.128906 0.946777;
278, 12.726391 0.348633 0.73877;
279, 8.224543 0.563477 0.935059;
280, 8.577127 0.21582 0.891602;
281, 0.11883 0.835938 0.790527;
282, 7.717417 0.461426 0.32373;
283, 7.82553 0.20752 0.179199;
284, 7.771622 0.300293 0.04541;
285, 7.135748 0.617188 0.728516;
286, 8.337122 0.310547 0.940918;
287, 0.042203 0.803223 0.744141;
288, 16.223812 0.30957 0.050781;
289, 16.227758 0.271484 0.469238;
290, 16.223394 0.503906 0.039551;
291, 17.227047 0.113281 0.165527;
292, 17.230959 0.039062 0.376465;
293, 17.241146 0.181152 0.492188;
294, 16.228952 0.349121 0.872559;
295, 16.218403 0.309082 0.731934;
296, 16.986002 0.106445 0.091309;
297, 9.634856 0.703125 0.987305;
298, 15.180932 0.523438 0.909668;
299, 15.147143 0.63623 0.76709;
300, 15.889544 0.23877 0.004395;
301, 15.889277 0.069824 0.152344;
302, 0.372702 0.899414 0.800781;
303, 17.386475 0.294922 0.818359;
304, 17.381308 0.364258 0.814453;
305, 17.69725 0.146484 0.223633;
306, 17.704973 0.0625 0.024414;
307, 0.09569 0.773926 0.888672;
308, 8.638822 0.425293 0.154785;
309, 8.642515 0.367676 0.587402;
310, 8.658484 0.26123 0.921875;
311, 8.869255 0.071777 0.035645;
312, 8.638972 0.344727 0.246582;
313, 9.557282 0.132324 0.108398;
314, 8.645323 0.409668 0.552246;
315, 10.46647 0.090332 0.95166;
316, 10.479122 0.086914 0.182129;
317, 0.146654 0.823242 0.200195;
318, 12.488367 0.330078 0.114746;
319, 12.486483 0.40918 0.083984;
320, 0.010265 0.779785 0.277832;
321, 11.126428 0.572754 0.135742;
322, 0.004763 0.972656 0.762207;
323, 0.035593 0.901855 0.610352;
324, 8.503198 0.44043 0.163574;
325, 0.075646 0.88916 0.616699;
326, 0.021313 0.841797 0.672363;
327, 0.015452 0.814453 0.446777;
328, 25.851479 0.044434 0.250488;
329, 0.130106 0.84375 0.005859;
330, 15.782298 0.155273 0.056152;
331, 15.780292 0.062988 0.144043;
332, 15.802448 0.024902 0.469238;
333, 15.538286 0.368164 0.72998;
334, 15.531349 0.448242 0.587402;
335, 7.459232 0.655273 0.299316;
336, 0.014337 0.944824 0.185547;
337, 7.15837 0.572754 0.139648;
338, 7.212881 0.491211 0.246094;
339, 3.052963 0.6875 0.708496;
340, 8.822634 0.146973 0.928711;
341, 0.103614 0.935547 0.928711;
342, 11.105044 0.345215 0.288574;
343, 11.180357 0.201172 0.188477;
344, 7.364386 0.657227 0.79248;
345, 7.342135 0.660156 0.929688;
346, 11.034715 0.043945 0.286133;
347, 9.237013 0.274902 0.451172;
348, 9.581846 0.13623 0.958496;
349, 0.06403 0.789551 0.426758;
350, 12.635332 0.383789 0.915039;
351, 15.340829 0.065918 0.71582;
352, 12.642317 0.424805 0.473633;
353, 12.635913 0.240234 0.689941;
354, 0.091524 0.76416 0.509766;
355, 8.275004 0.522949 0.52002;
356, 8.295742 0.404297 0.189941;
357, 0.091806 0.866211 0.548828;
358, 8.598631 0.427246 0.231445;
359, 8.963248 0.175293 0.037598;
360, 0.13946 0.941406 0.775879;
361, 11.926521 0.343262 0.753906;
362, 13.263145 0.062012 0.30127;
363, 13.286581 0.010742 0.037109;
364, 11.919468 0.33252 0.575684;
365, 0.135181 0.867676 0.690918;
366, 14.26313 0.134766 0.265137;
367, 0.069112 0.81543 0.001953;
368, 0.026371 0.809082 0.844727;
369, 0.032266 0.801758 0.189941;
370, 18.340448 0.444336 0.390137;
371, 0.082687 0.906738 0.693848;
372, 15.795032 0.056641 0.068359;
373, 14.590485 0.486328 0.368164;
374, 9.10955 0.584961 0.974609;
375, 0.029621 0.855469 0.452637;
376, 4.880702 0.663574 0.234863;
377, 0.030042 0.822754 0.435059;
378, 14.760338 0.098633 0.630371;
379, 14.775736 0.22998 0.157715;
380, 14.752773 0.155273 0.616699;
381, 12.159417 0.283691 0.901367;
382, 12.684937 0.083008 0.812988;
383, 0.239462 0.844727 0.366699;
384, 3.754048 0.671387 0.736816;
385, 7.868486 0.162109 0.42041;
386, 7.038436 0.300293 0.621094;
387, 7.12726 0.200195 0.119629;
388, 7.032802 0.281738 0.86377;
389, 0.086672 0.966797 0.038086;
390, 9.992245 0.648438 0.121582;
391, 11.465808 0.349121 0.568359;
392, 9.962349 0.624023 0.563965;
393, 9.986279 0.632324 0.745605;
394, 11.135844 0.286133 0.662109;
395, 11.701576 0.078613 0.522949;
396, 11.128789 0.295898 0.30957;
397, 0.052294 0.885742 0.263672;
398, 9.164337 0.450195 0.227539;
399, 7.635968 0.679688 0.732422;
400, 7.889888 0.467773 0.734863;
401, 7.930238 0.206543 0.724609;
