0, 0.984168 0.947266 0.656738;
1, 11.346656 0.340332 0.313477;
2, 11.356199 0.248047 0.47168;
3, 11.335613 0.405762 0.800781;
4, 9.200124 0.52832 0.159668;
5, 9.192443 0.560547 0.67627;
6, 11.264508 0.01123 0.32373;
7, 0.239001 0.928711 0.120605;
8, 16.725985 0.625488 0.887695;
9, 18.406469 0.123535 0.456543;
10, 18.384447 0.109375 0.546875;
11, 0.091044 0.962891 0.481445;
12, 9.389481 0.450684 0.362793;
13, 9.366033 0.258301 0.471191;
14, 0.093742 0.915527 0.996582;
15, 0.032144 0.898438 0.279297;
16, 0.044567 0.80957 0.003906;
17, 16.518131 0.121582 0.543457;
18, 2.276139 0.726074 0.42041;
19, 14.827202 0.060059 0.102051;
20, 6.997956 0.646973 0.449219;
21, 8.866166 0.259766 0.579102;
22, 8.853944 0.438965 0.998047;
23, 7.05478 0.581055 0.348145;
24, 7.54517 0.415039 0.271484;
25, 0.038891 0.777832 0.018066;
26, 14.656118 0.351562 0.162109;
27, 14.651489 0.277832 0.233398;
28, 15.134622 0.132324 0.246582;
29, 14.642222 0.47168 0.753906;
30, 14.810491 0.173828 0.719238;
31, 0.697283 0.736816 0.817383;
32, 8.482142 0.390625 0.302734;
33, 0.055081 0.853516 0.124512;
34, 0.014715 0.751465 0.976562;
35, 12.094651 0.290039 0.305176;
36, 12.323944 0.180664 0.588379;
37, 12.077332 0.516113 0.358398;
38, 12.083294 0.495117 0.764648;
39, 13.520066 0.09082 0.462891;
40, 7.507536 0.594727 0.455566;
41, 0.034303 0.831543 0.396484;
42, 0.020143 0.752441 0.149414;
43, 8.191851 0.477051 0.639648;
44, 0.020147 0.797363 0.504883;
45, 16.289444 0.253418 0.51123;
46, 16.292095 0.009766 0.066406;
47, 16.297375 0.121094 0.78418;
48, 16.300568 0.455078 0.346191;
49, 0.023812 0.86377 0.241699;
50, 9.363506 0.443359 0.824707;
51, 9.350289 0.333984 0.171875;
52, 11.038893 0.104004 0.512207;
53, 9.384162 0.51709 0.086914;
54, 12.201786 0.085938 0.753906;
55, 3.515843 0.687988 0.117676;
56, 3.546369 0.678711 0.499512;
57, 0.018665 0.866699 0.958984;
58, 11.8276 0.228027 0.812988;
59, 11.792567 0.010742 0.360352;
60, 11.813464 0.272461 0.016602;
61, 0.159521 0.940918 0.829102;
62, 15.689392 0.146973 0.434082;
63, 15.328919 0.274902 0.336426;
64, 15.562078 0.096191 0.111816;
65, 15.55364 0.212891 0.160645;
66, 15.29283 0.441406 0.928223;
67, 15.675021 0.169922 0.325195;
68, 0.096774 0.796387 0.040527;
69, 21.724625 0.425781 0.574219;
70, 21.719463 0.494141 0.454102;
71, 21.726854 0.236816 0.90332;
72, 21.729227 0.018555 0.722168;
73, 21.727127 0.32373 0.781738;
74, 21.721455 0.441406 0.277832;
75, 21.266638 0.635742 0.467285;
76, 21.268385 0.592773 0.439453;
77, 21.676802 0.286621 0.540527;
78, 21.677221 0.440918 0.665527;
79, 0.04316 0.862793 0.571289;
80, 0.051921 0.808594 0.345703;
81, 0.05509 0.856934 0.162598;
82, 16.58637 0.289551 0.602051;
83, 9.205746 0.550781 0.643066;
84, 7.441914 0.668945 0.777832;
85, 12.323092 0.088379 0.524902;
86, 0.081971 0.783691 0.907715;
87, 13.694781 0.151367 0.759766;
88, 13.252328 0.42627 0.993164;
89, 5.322407 0.721191 0.827637;
90, 0.012449 0.870605 0.226562;
91, 11.684299 0.334961 0.685059;
92, 11.683488 0.475586 0.325684;
93, 0.060673 0.916992 0.428711;
94, 7.744812 0.50293 0.231934;
95, 7.985567 0.18457 0.799316;
96, 7.765149 0.340332 0.607422;
97, 7.70528 0.428223 0.061035;
98, 0.019678 0.966797 0.22168;
99, 16.381367 0.213867 0.867188;
100, 16.374067 0.51709 0.935059;
101, 16.353287 0.250977 0.899902;
102, 0.179697 0.856445 0.658203;
103, 7.49723 0.515137 0.327637;
104, 2.347964 0.715332 0.946289;
105, 0.028213 0.954102 0.085449;
106, 0.031647 0.819824 0.658203;
107, 0.018839 0.939941 0.673828;
108, 9.269083 0.441406 0.011719;
109, 12.230819 0.115234 0.476562;
110, 9.289055 0.40918 0.535156;
111, 9.273883 0.243164 0.853516;
112, 0.020429 0.996582 0.266602;
113, 20.992928 0.112305 0.398926;
114, 19.664738 0.489746 0.791504;
115, 20.569475 0.060547 0.82666;
116, 20.558521 0.03418 0.166504;
117, 11.274778 0.584473 0.486328;
118, 13.300161 0.04834 0.222168;
119, 11.845198 0.515625 0.714355;
120, 0.044202 0.958984 0.09375;
121, 15.998041 0.138672 0.785645;
122, 16.007202 0.138672 0.269531;
123, 15.99606 0.147949 0.638672;
124, 16.01276 0.099609 0.904297;
125, 16.003534 0.202637 0.879883;
126, 15.428756 0.492676 0.830566;
127, 17.872204 0.092285 0.017578;
128, 17.882862 0.026367 0.478516;
129, 15.434264 0.444824 0.19873;
130, 15.958805 0.147461 0.146484;
131, 15.428229 0.358398 0.338379;
132, 15.433816 0.426758 0.555664;
133, 15.534361 0.192383 0.394531;
134, 15.524896 0.064941 0.000488;
135, 0.241981 0.941895 0.197266;
136, 5.3916 0.667969 0.394043;
137, 5.380499 0.645508 0.461914;
138, 5.394577 0.632324 0.333984;
139, 7.481826 0.246582 0.606934;
140, 7.496415 0.314941 0.48584;
141, 0.004888 0.978516 0.468262;
142, 0.302726 0.71875 0.12793;
143, 6.791152 0.51709 0.436523;
144, 6.78789 0.535645 0.984863;
145, 6.915219 0.350098 0.519531;
146, 6.931777 0.404297 0.057129;
147, 7.079988 0.188965 0.376465;
148, 0.125578 0.910645 0.141602;
149, 15.019614 0.245605 0.562988;
150, 9.572583 0.562012 0.305664;
151, 9.569283 0.609375 0.29248;
152, 9.521564 0.611816 0.685059;
153, 0.004641 0.969727 0.953613;
154, 0.022077 0.838867 0.059082;
155, 22.847408 0.008789 0.409668;
156, 0.294348 0.921875 0.375;
157, 23.437977 0.026367 0.27002;
158, 4.038524 0.686035 0.98584;
159, 0.007249 0.93457 0.790527;
160, 0.022433 0.98584 0.418457;
161, 9.744795 0.428223 0.472168;
162, 0.051951 0.796875 0.600586;
163, 0.038985 0.809082 0.379883;
164, 20.431362 0.25293 0.852051;
165, 17.516272 0.546875 0.640625;
166, 18.617065 0. 0.032227;
167, 17.61429 0.489258 0.146973;
168, 18.414234 0.113281 0.919922;
169, 18.404247 0.178711 0.083984;
170, 17.609833 0.36377 0.34375;
171, 17.113884 0.616211 0.498047;
172, 15.715259 0.708496 0.666992;
173, 17.908737 0.639648 0.39502;
174, 18.197084 0.407715 0.410645;
175, 18.141964 0.505859 0.934082;
176, 18.1583 0.346191 0.602051;
177, 17.905205 0.560059 0.54541;
178, 15.725927 0.705566 0.929688;
179, 0.043714 0.823242 0.734863;
180, 18.491192 0.262207 0.341309;
181, 18.495523 0.30957 0.803223;
182, 15.512275 0.654297 0.160645;
183, 16.963013 0.335449 0.844238;
184, 15.500871 0.663574 0.027832;
185, 0.04332 0.855469 0.43457;
186, 3.980731 0.67627 0.515625;
187, 0.017341 0.940918 0.618652;
188, 0.028023 0.845215 0.546387;
189, 10.01017 0.363281 0.784668;
190, 10.012893 0.24707 0.433105;
191, 2.311873 0.712891 0.119141;
192, 6.988164 0.589355 0.635742;
193, 7.198398 0.422363 0.993652;
194, 0.058492 0.941895 0.440918;
195, 14.743711 0.344238 0.079102;
196, 0.055417 0.821289 0.674316;
197, 0.032471 0.86377 0.342773;
198, 0.024771 0.980957 0.260254;
199, 9.57062 0.455078 0.197266;
200, 9.57147 0.454102 0.074707;
201, 9.576574 0.518066 0.306641;
202, 0.025174 0.818848 0.666504;
203, 0.030821 0.987793 0.061035;
204, 5.206618 0.667969 0.774414;
205, 8.186249 0.360352 0.457031;
206, 8.189351 0.36084 0.711914;
207, 8.746778 0.155762 0.496094;
208, 0.066057 0.757812 0.756836;
209, 13.419655 0.030273 0.773926;
210, 7.662457 0.565918 0.26416;
211, 0.020531 0.927246 0.353027;
212, 4.57891 0.665039 0.245117;
213, 6.417717 0.368652 0.476562;
214, 6.456876 0.21582 0.047363;
215, 3.774585 0.711914 0.884277;
216, 9.673704 0.348145 0.753418;
217, 7.537661 0.680176 0.262207;
218, 10.597164 0.246094 0.70459;
219, 7.595865 0.677246 0.849609;
220, 0.008348 0.977051 0.167969;
221, 9.923314 0.23291 0.698242;
222, 9.697065 0.567383 0.143555;
223, 9.689981 0.511719 0.915039;
224, 3.057875 0.718262 0.296875;
225, 13.157472 0.054688 0.858398;
226, 13.161116 0.124512 0.532227;
227, 13.155485 0.206543 0.939941;
228, 7.267554 0.616211 0.369629;
229, 0.046562 0.850098 0.539551;
230, 0.023098 0.787109 0.995605;
231, 9.70566 0.369141 0.371094;
232, 8.764292 0.578613 0.899414;
233, 0.04981 0.993652 0.848145;
234, 7.738757 0.482422 0.705566;
235, 0.044347 0.782227 0.050293;
236, 19.241482 0.071289 0.921387;
237, 19.240269 0.143555 0.649414;
238, 19.242661 0.066406 0.545898;
239, 18.274187 0.272461 0.258789;
240, 0.12241 0.893555 0.155273;
241, 0.007925 0.821777 0.94043;
242, 13.067806 0.465332 0.813477;
243, 12.786892 0.651855 0.954102;
244, 15.708775 0.116699 0.379883;
245, 12.783305 0.650391 0.259277;
246, 11.020164 0.6875 0.822754;
247, 13.181482 0.348145 0.855469;
248, 13.194553 0.515625 0.856445;
249, 13.197096 0.358398 0.766113;
250, 0.043525 0.973633 0.533203;
251, 13.699511 0.068848 0.15918;
252, 13.67801 0.130371 0.410156;
253, 13.650219 0.005371 0.427246;
254, 13.674778 0.130371 0.335449;
255, 13.69619 0.225098 0.20459;
256, 0.057137 0.851074 0.027832;
257, 15.926286 0.34082 0.043945;
258, 17.109804 0.081055 0.428223;
259, 0.124424 0.776367 0.237305;
260, 9.191304 0.569824 0.400391;
261, 9.626073 0.275879 0.707031;
262, 9.616474 0.36377 0.220215;
263, 9.65304 0.511719 0.625977;
264, 0.028178 0.983398 0.254395;
265, 10.895328 0.123535 0.703125;
266, 7.874451 0.645996 0.458008;
267, 0.051423 0.979492 0.401855;
268, 8.238964 0.506836 0.311035;
269, 8.233084 0.570312 0.250977;
270, 10.611567 0.020996 0.571777;
271, 10.637023 0.025879 0.168457;
272, 8.772514 0.496094 0.506836;
273, 10.751478 0.124023 0.690918;
274, 8.799855 0.294434 0.993164;
275, 0.052435 0.758301 0.524902;
276, 14.120045 0.072266 0.745605;
277, 14.108819 0.148438 0.813477;
278, 12.740605 0.427734 0.419434;
279, 3.107635 0.694824 0.633789;
280, 0.048916 0.871582 0.763672;
281, 13.165746 0.15625 0.482422;
282, 13.154747 0.17627 0.547363;
283, 13.155634 0.133789 0.641113;
284, 12.816597 0.370605 0.131348;
285, 0.019007 0.98291 0.220215;
286, 10.841444 0.411621 0.137207;
287, 0.048017 0.837402 0.748047;
288, 53.503601 0.008789 0.867676;
289, 41.63546 0.422852 0.958496;
290, 20.733973 0.723633 0.86377;
291, 0.029062 0.863281 0.454102;
292, 18.335945 0.211914 0.510254;
293, 0.031301 0.751953 0.279785;
294, 16.539448 0.045898 0.095215;
295, 7.394378 0.626465 0.446777;
296, 3.329721 0.696289 0.838379;
297, 13.19632 0.40918 0.72168;
298, 0.017349 0.77832 0.898926;
299, 0.019735 0.879883 0.689941;
300, 15.450678 0.039062 0.547363;
301, 8.730897 0.593262 0.391113;
302, 0.015624 0.945312 0.998047;
303, 2.309658 0.68457 0.986816;
304, 6.689799 0.494141 0.97998;
305, 2.754815 0.431152 0.95752;
306, 0.066241 0.943359 0.281738;
307, 7.010657 0.58252 0.776855;
308, 8.728159 0.14502 0.03418;
309, 2.369033 0.705078 0.84082;
310, 14.343565 0.415039 0.831543;
311, 15.541264 0.062988 0.674805;
312, 15.586487 0.155762 0.611328;
313, 14.37846 0.302734 0.89209;
314, 14.365021 0.318848 0.916016;
315, 14.152369 0.58252 0.638672;
316, 13.974212 0.669922 0.041992;
317, 16.763582 0.053711 0.219238;
318, 14.103565 0.578125 0.736328;
319, 14.486276 0.289062 0.545898;
320, 14.015442 0.655273 0.658691;
321, 15.323366 0.186523 0.242188;
322, 14.008142 0.680176 0.640625;
323, 15.682849 0.299316 0.344238;
324, 15.671217 0.499023 0.51416;
325, 15.735592 0.356445 0.821777;
326, 14.017641 0.657227 0.671387;
327, 14.086452 0.452637 0.30957;
328, 14.075101 0.26709 0.54541;
329, 14.141284 0.35498 0.399414;
330, 14.13563 0.358887 0.894531;
331, 14.205435 0.204102 0.437988;
332, 0.15928 0.929688 0.17041;
333, 14.002171 0.301758 0.251953;
334, 0.133263 0.895996 0.452637;
335, 18.645205 0.261719 0.388184;
336, 0.107594 0.904297 0.88916;
337, 0.024075 0.896973 0.763672;
338, 0.041676 0.923828 0.715332;
339, 20.011152 0.172363 0.427246;
340, 19.88126 0.471191 0.011719;
341, 19.898821 0.212402 0.145508;
342, 2.500022 0.703125 0.700684;
343, 7.510825 0.447754 0.552246;
344, 0.101238 0.883301 0.266602;
345, 3.313508 0.677246 0.669922;
346, 3.770249 0.475586 0.612305;
347, 0.071767 0.887207 0.670898;
348, 0.018328 0.862305 0.311035;
349, 10.417892 0.388184 0.535645;
350, 0.075938 0.841797 0.118164;
351, 0.026148 0.91748 0.307129;
352, 0.902377 0.712402 0.999512;
353, 0.906371 0.722168 0.013184;
354, 12.856781 0.164062 0.838867;
355, 0.145803 0.935059 0.07373;
356, 0.015839 0.906738 0.974121;
357, 8.839475 0.416016 0.44043;
358, 0.115888 0.885254 0.94873;
359, 0.017228 0.781738 0.22168;
360, 16.963083 0.197266 0.821289;
361, 16.957035 0.130371 0.074707;
362, 16.879604 0.398926 0.345703;
363, 0.032919 0.811035 0.95166;
364, 0.019404 0.807617 0.571289;
365, 13.85836 0.560059 0.20166;
366, 0.039986 0.793457 0.141602;
367, 0.011866 0.949707 0.275391;
368, 21.311134 0.119141 0.925781;
369, 21.308105 0.078613 0.24707;
370, 21.299883 0.024902 0.117676;
371, 1.977244 0.739746 0.93457;
372, 0.018862 0.800781 0.795898;
373, 10.817401 0.501465 0.574707;
374, 10.798684 0.537109 0.869141;
375, 10.807652 0.545898 0.07666;
376, 10.987357 0.346191 0.729004;
377, 10.998528 0.337402 0.791016;
378, 10.987384 0.416016 0.589355;
379, 11.001839 0.394043 0.162598;
380, 12.957699 0.096191 0.944336;
381, 0.322661 0.894531 0.916992;
382, 16.080948 0.197266 0.529785;
383, 15.98902 0.305664 0.530273;
384, 8.839052 0.523926 0.075195;
385, 0.018647 0.902344 0.276367;
386, 19.84823 0.189453 0.975098;
387, 19.844978 0.187012 0.861816;
388, 0.102264 0.822754 0.987305;
389, 0.008051 0.740234 0.245117;
390, 12.337165 0.29834 0.796875;
391, 0.018946 0.788086 0.429199;
392, 0.037247 0.821777 0.707031;
393, 15.559113 0.46582 0.808594;
394, 15.306603 0.674316 0.38623;
395, 0.033489 0.921875 0.942871;
396, 18.933083 0.056641 0.552246;
397, 17.928682 0.431641 0.011719;
398, 18.916588 0.024902 0.667969;
399, 18.917971 0.172852 0.347168;
400, 9.176384 0.565918 0.563965;
401, 9.49884 0.223633 0.876953;
