0, 0.513936 0.932617 0.658203;
1, 0.024333 0.970215 0.435059;
2, 49.91885 0.124512 0.952148;
3, 49.913502 0.198242 0.379883;
4, 49.611263 0.319336 0.69873;
5, 0.104914 0.951172 0.666016;
6, 7.895331 0.647949 0.756348;
7, 0.029666 0.92334 0.40918;
8, 12.585567 0.380371 0.125;
9, 12.57745 0.385742 0.983398;
10, 0.044245 0.768066 0.600586;
11, 7.904595 0.594238 0.46875;
12, 4.341367 0.712891 0.557129;
13, 8.461776 0.441895 0.328125;
14, 8.47533 0.266602 0.814941;
15, 4.342982 0.703125 0.922363;
16, 0.049864 0.967773 0.700684;
17, 16.561247 0.174316 0.475098;
18, 16.465445 0.384277 0.924805;
19, 16.47282 0.400879 0.500488;
20, 7.488551 0.671875 0.538086;
21, 11.395128 0.043457 0.675781;
22, 9.651359 0.361816 0.428223;
23, 9.663891 0.365723 0.275391;
24, 11.598805 0.125977 0.50293;
25, 9.67118 0.250977 0.939941;
26, 9.684356 0.284668 0.581543;
27, 0.035678 0.82373 0.257812;
28, 15.232944 0.089355 0.777832;
29, 15.232941 0.120117 0.23291;
30, 0.068162 0.78125 0.251953;
31, 0.012914 0.874023 0.828613;
32, 9.347946 0.64502 0.000977;
33, 6.847009 0.71875 0.491699;
34, 0.026584 0.949707 0.678711;
35, 0.0211 0.865234 0.305176;
36, 7.558992 0.501465 0.106445;
37, 0.029811 0.793945 0.776855;
38, 16.003784 0.291016 0.311523;
39, 16.008619 0.507324 0.094727;
40, 16.055408 0.201172 0.459473;
41, 0.078202 0.955566 0.761719;
42, 0.018357 0.869629 0.776367;
43, 0.033894 0.978027 0.07666;
44, 7.959755 0.648926 0.87207;
45, 0.047892 0.812012 0.339844;
46, 21.781668 0.589844 0.020996;
47, 22.187025 0.310059 0.935547;
48, 0.057293 0.759766 0.258301;
49, 14.922359 0.220703 0.210938;
50, 0.027882 0.770508 0.353027;
51, 8.437114 0.595703 0.783691;
52, 9.313657 0.329102 0.701172;
53, 9.304884 0.303711 0.963867;
54, 9.29128 0.355957 0.162109;
55, 0.066346 0.855957 0.268066;
56, 18.705799 0.298828 0.134766;
57, 19.188803 0.04248 0.92334;
58, 18.712641 0.518066 0.791504;
59, 18.695 0.424316 0.972168;
60, 7.519488 0.641602 0.366699;
61, 7.551294 0.581543 0.515625;
62, 0.037969 0.972656 0.862793;
63, 8.18318 0.433105 0.788086;
64, 8.007804 0.547363 0.182129;
65, 10.210878 0.050781 0.234375;
66, 0.257766 0.744629 0.522461;
67, 7.054067 0.516602 0.600098;
68, 7.059565 0.319336 0.879883;
69, 0.014434 0.791504 0.37793;
70, 11.780131 0.511719 0.485352;
71, 0.050559 0.928711 0.962402;
72, 0.022604 0.793457 0.375;
73, 21.417864 0.133301 0.089844;
74, 20.859274 0.374512 0.978027;
75, 0.116676 0.921387 0.793457;
76, 7.017939 0.581055 0.416504;
77, 7.15857 0.460449 0.37207;
78, 7.132198 0.448242 0.26416;
79, 7.10952 0.429688 0.973145;
80, 6.994165 0.552246 0.791992;
81, 9.478505 0.049805 0.32373;
82, 9.453749 0.029297 0.893555;
83, 7.251398 0.466797 0.438965;
84, 6.966559 0.619141 0.023438;
85, 8.63721 0.297852 0.743652;
86, 8.881343 0.179688 0.452637;
87, 7.028411 0.595703 0.476562;
88, 6.985688 0.546387 0.965332;
89, 6.99683 0.664551 0.626465;
90, 7.082097 0.541992 0.896484;
91, 7.429821 0.177246 0.302734;
92, 0.161308 0.90625 0.092773;
93, 14.710668 0.23877 0.807617;
94, 9.49241 0.543457 0.908203;
95, 9.680786 0.225586 0.155273;
96, 9.49224 0.594238 0.925293;
97, 1.99313 0.734863 0.70752;
98, 7.742334 0.638184 0.503418;
99, 9.506851 0.24707 0.816406;
100, 9.48515 0.361816 0.206543;
101, 0.086516 0.915039 0.82959;
102, 0.016525 0.969238 0.047363;
103, 22.206295 0.030273 0.903809;
104, 0.082708 0.961914 0.989258;
105, 16.221756 0.282715 0.20459;
106, 0.544798 0.733398 0.053711;
107, 6.912275 0.573242 0.844238;
108, 0.0742 0.824219 0.114258;
109, 14.253162 0.0625 0.337402;
110, 7.196504 0.63623 0.146484;
111, 0.024646 0.970215 0.830078;
112, 19.107418 0.071777 0.819824;
113, 0.439391 0.866211 0.732422;
114, 14.484201 0.046875 0.296875;
115, 0.127651 0.793945 0.798828;
116, 11.595282 0.332031 0.726074;
117, 0.076519 0.75293 0.170898;
118, 0.006056 0.98584 0.269531;
119, 18.385178 0.183105 0.05127;
120, 18.322079 0.494629 0.370605;
121, 7.913471 0.640625 0.550781;
122, 8.572309 0.396973 0.841309;
123, 11.320886 0.070801 0.97998;
124, 7.932963 0.63916 0.108398;
125, 12.062853 0.097656 0.999023;
126, 10.268056 0.362305 0.366211;
127, 10.270527 0.434082 0.470703;
128, 11.920818 0.040039 0.667969;
129, 0.232488 0.848633 0.383301;
130, 0.020615 0.981934 0.344727;
131, 8.554013 0.492188 0.146484;
132, 8.587958 0.565918 0.106445;
133, 8.970858 0.387207 0.431641;
134, 8.550312 0.57666 0.743652;
135, 0.029068 0.864258 0.33252;
136, 0.014524 0.760742 0.885254;
137, 0.013347 0.891602 0.858887;
138, 17.942825 0.064453 0.08252;
139, 8.814367 0.595215 0.975098;
140, 0.015093 0.963867 0.471191;
141, 10.56181 0.416504 0.379883;
142, 10.658088 0.197266 0.95752;
143, 10.197008 0.600586 0.961426;
144, 34.9786 0.035645 0.35498;
145, 0.036651 0.986328 0.754395;
146, 7.666463 0.502441 0.21582;
147, 9.732068 0.054199 0.520508;
148, 7.579269 0.383301 0.368164;
149, 0.049777 0.925293 0.29834;
150, 0.024438 0.843262 0.609863;
151, 0.029172 0.962891 0.976074;
152, 8.343942 0.445801 0.960449;
153, 8.364598 0.295898 0.272949;
154, 9.421387 0.094727 0.011719;
155, 9.426658 0.138672 0.929688;
156, 0.128513 0.962402 0.408203;
157, 2.575911 0.677734 0.86377;
158, 0.011672 0.88916 0.385254;
159, 13.807216 0.302734 0.946289;
160, 14.831314 0.098633 0.45752;
161, 0.169954 0.969727 0.280273;
162, 19.282215 0.218262 0.706543;
163, 19.272646 0.304688 0.825195;
164, 19.395388 0.176758 0.558594;
165, 7.587249 0.662598 0.044434;
166, 11.131437 0.333008 0.824707;
167, 7.656481 0.660645 0.283691;
168, 4.186982 0.686035 0.942871;
169, 4.196029 0.598145 0.438477;
170, 0.07334 0.876953 0.350586;
171, 7.548522 0.528809 0.415039;
172, 0.045848 0.943359 0.888184;
173, 7.290816 0.518066 0.125977;
174, 7.278332 0.46875 0.81543;
175, 9.516248 0.058594 0.338379;
176, 7.200389 0.634277 0.938965;
177, 8.63788 0.26709 0.317871;
178, 0.06552 0.82666 0.052734;
179, 7.648358 0.493164 0.25293;
180, 7.734806 0.212402 0.337891;
181, 7.667276 0.276855 0.873047;
182, 7.998724 0.175781 0.856934;
183, 2.35091 0.71582 0.733887;
184, 16.543104 0.60791 0.434082;
185, 19.601803 0.112793 0.609863;
186, 18.070772 0.491211 0.268555;
187, 16.521984 0.672363 0.402344;
188, 0.019027 0.765625 0.163574;
189, 12.742015 0.182129 0.613281;
190, 12.648974 0.415039 0.952637;
191, 0.051866 0.904297 0.910645;
192, 0.026002 0.873535 0.101562;
193, 8.754984 0.441895 0.271484;
194, 11.188265 0.111816 0.300781;
195, 0.023699 0.979492 0.023438;
196, 9.617874 0.443359 0.432129;
197, 11.362677 0.044922 0.446777;
198, 9.615255 0.361328 0.26416;
199, 0.007875 0.967773 0.838867;
200, 7.870624 0.467285 0.21875;
201, 7.87601 0.331543 0.323242;
202, 0.03437 0.764648 0.878418;
203, 12.491281 0.132324 0.211426;
204, 11.076985 0.323242 0.270996;
205, 11.595581 0.160156 0.519531;
206, 8.146033 0.585938 0.523438;
207, 9.952597 0.141602 0.508789;
208, 0.178433 0.944824 0.3125;
209, 18.153208 0.077148 0.421387;
210, 18.162716 0.071777 0.236328;
211, 16.390564 0.446777 0.520508;
212, 16.382172 0.375488 0.444336;
213, 16.378439 0.253906 0.806152;
214, 16.378466 0.440918 0.840332;
215, 0.007778 0.818359 0.835449;
216, 12.880001 0.475586 0.374023;
217, 13.412313 0.139648 0.157227;
218, 13.424067 0.008301 0.225098;
219, 10.786345 0.70459 0.685547;
220, 0.006665 0.978027 0.89502;
221, 0.013524 0.922852 0.095703;
222, 0.033503 0.897461 0.82959;
223, 48.353821 0.287109 0.936035;
224, 0.055912 0.981934 0.916504;
225, 2.577042 0.678711 0.935059;
226, 7.039166 0.230469 0.669434;
227, 7.029384 0.42627 0.016113;
228, 7.057552 0.218262 0.585449;
229, 7.052908 0.062012 0.179199;
230, 7.025283 0.424805 0.556152;
231, 2.503077 0.695801 0.561523;
232, 16.438028 0.467773 0.785156;
233, 0.092168 0.747559 0.949219;
234, 11.52689 0.135742 0.223145;
235, 0.08804 0.782227 0.740723;
236, 0.037534 0.990723 0.399902;
237, 15.059014 0.212402 0.654297;
238, 15.071113 0.033203 0.847168;
239, 14.99787 0.287109 0.253906;
240, 15.403399 0.044922 0.146973;
241, 15.007698 0.391602 0.63916;
242, 15.009194 0.469238 0.12793;
243, 16.855761 0.10498 0.595703;
244, 7.80079 0.654785 0.936035;
245, 0.068002 0.853027 0.222656;
246, 12.669246 0.352539 0.594727;
247, 12.660581 0.466797 0.976074;
248, 12.639869 0.400391 0.21582;
249, 9.072987 0.603027 0.049805;
250, 10.271032 0.206543 0.495605;
251, 10.233387 0.424316 0.277344;
252, 10.201043 0.376953 0.118164;
253, 0.012974 0.960938 0.424805;
254, 0.042133 0.813477 0.647949;
255, 0.038736 0.786133 0.498047;
256, 14.677316 0.28418 0.74707;
257, 14.877557 0.16748 0.497559;
258, 0.158258 0.929688 0.097656;
259, 13.123721 0.319824 0.788086;
260, 14.270682 0.05127 0.26123;
261, 13.093647 0.474609 0.183105;
262, 9.539264 0.522949 0.444336;
263, 0.644354 0.73877 0.239258;
264, 6.756493 0.556641 0.15918;
265, 9.351218 0. 0.450684;
266, 0.141332 0.815918 0.745605;
267, 50.087708 0.02002 0.951172;
268, 11.555424 0.696289 0.566895;
269, 21.054167 0.300781 0.776855;
270, 21.11372 0.510742 0.288574;
271, 21.073988 0.393555 0.069336;
272, 0.035395 0.79248 0.724121;
273, 17.127432 0.174805 0.271973;
274, 17.125832 0.023926 0.433594;
275, 9.366212 0.630859 0.151367;
276, 10.899907 0.332031 0.644043;
277, 10.885798 0.443359 0.478027;
278, 9.35774 0.680664 0.374023;
279, 13.527894 0.071289 0.112793;
280, 0.33387 0.902832 0.44873;
281, 15.150267 0.629395 0.19873;
282, 15.172205 0.593262 0.570801;
283, 0.065828 0.984375 0.01416;
284, 11.913957 0.364258 0.507324;
285, 11.904337 0.271484 0.91748;
286, 11.892192 0.234375 0.387695;
287, 11.882544 0.226074 0.658203;
288, 0.083523 0.803223 0.448242;
289, 0.70824 0.71582 0.710449;
290, 10.11229 0.231445 0.456055;
291, 0.073093 0.796387 0.312012;
292, 15.238177 0.537109 0.081543;
293, 0.016403 0.749512 0.558594;
294, 12.779792 0.190918 0.748047;
295, 12.758219 0.204102 0.495117;
296, 3.003779 0.71582 0.626465;
297, 3.227787 0.675293 0.007812;
298, 3.243777 0.680176 0.677734;
299, 0.00949 0.918945 0.502441;
300, 0.052396 0.770508 0.923828;
301, 0.010943 0.900391 0.512207;
302, 20.075766 0.136719 0.604004;
303, 0.088033 0.763672 0.463379;
304, 0.031052 0.746582 0.923828;
305, 7.561437 0.42627 0.389648;
306, 9.823413 0.127441 0.688965;
307, 7.559586 0.3125 0.342285;
308, 7.537545 0.363281 0.038086;
309, 7.247067 0.59082 0.202148;
310, 8.699666 0.191895 0.856445;
311, 0.116944 0.86377 0.102051;
312, 0.02639 0.741211 0.808594;
313, 0.06201 0.996094 0.883301;
314, 7.505064 0.497559 0.559082;
315, 7.537915 0.222168 0.148926;
316, 7.355276 0.641602 0.870117;
317, 7.319617 0.615234 0.335449;
318, 0.005112 0.97168 0.32373;
319, 0.026036 0.840332 0.375488;
320, 18.274954 0.243164 0.578613;
321, 0.087544 0.749512 0.790039;
322, 13.76811 0.030273 0.291016;
323, 12.378808 0.509766 0.864746;
324, 0.070327 0.880371 0.490723;
325, 0.004753 0.890137 0.146973;
326, 0.015835 0.986816 0.120605;
327, 8.821678 0.648438 0.606934;
328, 0.010842 0.910645 0.6875;
329, 14.352886 0.259277 0.37793;
330, 14.441999 0.097168 0.540039;
331, 7.421281 0.631836 0.325684;
332, 0.044616 0.87793 0.669922;
333, 7.455874 0.506348 0.960449;
334, 7.440506 0.270996 0.706543;
335, 0.109125 0.86377 0.634766;
336, 10.446177 0.373047 0.359863;
337, 10.429922 0.28125 0.997559;
338, 2.429486 0.698242 0.574219;
339, 9.052012 0.496582 0.992676;
340, 6.673039 0.519531 0.093262;
341, 9.006104 0.020508 0.010742;
342, 0.117682 0.797363 0.063477;
343, 22.841253 0.325195 0.985352;
344, 0.073524 0.753418 0.728027;
345, 8.039964 0.410156 0.924316;
346, 2.751138 0.703613 0.071289;
347, 13.497668 0.158203 0.746094;
348, 0.338831 0.886719 0.751465;
349, 4.451242 0.661621 0.980469;
350, 47.466366 0.036621 0.970215;
351, 0.281708 0.916016 0.040039;
352, 10.65913 0.416504 0.444336;
353, 7.619156 0.662109 0.947266;
354, 0.063106 0.74707 0.049805;
355, 14.727619 0.112793 0.295898;
356, 7.549829 0.655273 0.913574;
357, 10.115194 0.148438 0.723145;
358, 10.080622 0.227051 0.143555;
359, 0.171113 0.881836 0.34082;
360, 7.229439 0.555176 0.;
361, 7.209456 0.589355 0.208008;
362, 8.239397 0.33252 0.544922;
363, 2.575351 0.71875 0.462891;
364, 11.173704 0.273438 0.713379;
365, 11.161552 0.410645 0.816895;
366, 0.067119 0.833984 0.268555;
367, 9.779884 0.390625 0.979492;
368, 9.797891 0.488281 0.175781;
369, 0.038271 0.802246 0.970703;
370, 10.498203 0.428223 0.514648;
371, 12.476003 0.108398 0.741699;
372, 12.482539 0.231445 0.057129;
373, 0.040484 0.773926 0.23877;
374, 0.031345 0.946289 0.036621;
375, 0.014888 0.738281 0.45166;
376, 11.908167 0.646973 0.493652;
377, 11.897 0.646484 0.402344;
378, 11.9616 0.515137 0.935059;
379, 12.01299 0.19873 0.35791;
380, 11.977517 0.293457 0.601074;
381, 11.965586 0.280273 0.822754;
382, 11.975842 0.226074 0.305664;
383, 11.965526 0.36084 0.513672;
384, 11.974548 0.30957 0.630859;
385, 12.896362 0.133301 0.141602;
386, 11.957129 0.453125 0.577148;
387, 11.962884 0.333984 0.605957;
388, 11.949991 0.467285 0.080078;
389, 11.952549 0.308105 0.394531;
390, 13.218499 0.030762 0.109375;
391, 11.985786 0.301758 0.277832;
392, 11.9489 0.282715 0.505859;
393, 0.025913 0.737305 0.4375;
394, 7.823633 0.413574 0.447754;
395, 7.786067 0.375 0.198242;
396, 7.833444 0.30127 0.691406;
397, 7.831981 0.491699 0.114746;
398, 9.889766 0.020996 0.628418;
399, 0.169397 0.824707 0.32373;
400, 0.014892 0.952637 0.190918;
401, 22.990204 0.026367 0.562988;
