0, 10.253803 0.177734 0.467773;
1, 10.26403 0.047363 0.012695;
2, 7.603858 0.638672 0.778809;
3, 11.117462 0.070801 0.187012;
4, 9.297661 0.496582 0.884277;
5, 0.04928 0.792969 0.310547;
6, 12.432603 0.502441 0.513184;
7, 0.009021 0.844238 0.620605;
8, 23.19161 0.59375 0.290039;
9, 0.063679 0.922363 0.616211;
10, 19.441864 0.086914 0.762207;
11, 19.445175 0.162598 0.806641;
12, 17.376436 0.391602 0.34668;
13, 17.6556 0.147949 0.289062;
14, 9.209583 0.577148 0.089355;
15, 11.596248 0.029785 0.329102;
16, 9.911575 0.458496 0.220703;
17, 7.2601 0.646973 0.928711;
18, 7.286579 0.55957 0.308594;
19, 0.007156 0.883301 0.37207;
20, 0.004196 0.837402 0.454102;
21, 7.315684 0.524902 0.119141;
22, 0.037676 0.768066 0.030273;
23, 0.007136 0.943359 0.395508;
24, 7.971239 0.480469 0.910645;
25, 0.045854 0.952637 0.788086;
26, 13.025523 0.618652 0.38623;
27, 14.046594 0.162109 0.811035;
28, 0.125329 0.838867 0.45752;
29, 6.984766 0.575684 0.109375;
30, 6.974028 0.657227 0.921387;
31, 0.016569 0.947754 0.404785;
32, 0.042993 0.905762 0.639648;
33, 14.493445 0.260742 0.408203;
34, 0.237205 0.744629 0.756348;
35, 7.094101 0.475586 0.82959;
36, 6.758589 0.666992 0.537598;
37, 10.276852 0.152832 0.60498;
38, 0.079273 0.809082 0.657715;
39, 13.156173 0.630371 0.729492;
40, 0.056285 0.790527 0.834961;
41, 9.465861 0.478516 0.842773;
42, 11.430324 0.086914 0.760254;
43, 9.483575 0.370117 0.73584;
44, 0.010332 0.986328 0.286621;
45, 0.060307 0.758789 0.415527;
46, 13.279036 0.147949 0.924316;
47, 6.918473 0.678223 0.455078;
48, 10.016346 0.290527 0.503418;
49, 0.042927 0.750488 0.979492;
50, 0.023969 0.811035 0.741211;
51, 12.363647 0.630859 0.483887;
52, 13.314958 0.257812 0.701172;
53, 13.37509 0.049805 0.325195;
54, 7.715485 0.725586 0.144531;
55, 7.720733 0.716797 0.88916;
56, 0.02379 0.797363 0.57373;
57, 6.804004 0.660156 0.187012;
58, 9.595078 0.263184 0.950195;
59, 5.460932 0.724121 0.503418;
60, 11.989588 0.21875 0.696289;
61, 11.999393 0.066895 0.29834;
62, 11.989589 0.046387 0.675781;
63, 11.999392 0.140625 0.994629;
64, 11.982772 0.251953 0.796875;
65, 0.145706 0.922852 0.620117;
66, 8.3926 0.434082 0.258789;
67, 8.531674 0.206055 0.58252;
68, 8.453474 0.505371 0.222168;
69, 7.427133 0.638184 0.994141;
70, 47.715187 0.037109 0.980469;
71, 47.718819 0.106445 0.308105;
72, 47.719654 0.101562 0.979492;
73, 47.343712 0.273926 0.353516;
74, 47.333286 0.262695 0.063965;
75, 47.334045 0.348145 0.606445;
76, 47.335407 0.312988 0.308594;
77, 47.437172 0.154297 0.435547;
78, 0.067368 0.791504 0.01123;
79, 25.405455 0.058105 0.274414;
80, 0.106307 0.979492 0.782715;
81, 50.491711 0.205566 0.8125;
82, 8.846775 0.527344 0.875;
83, 0.014198 0.975586 0.488281;
84, 17.018845 0.227051 0.856934;
85, 17.024414 0.020508 0.617188;
86, 17.01786 0.238281 0.412109;
87, 9.730743 0.531738 0.580566;
88, 10.127782 0.158203 0.169922;
89, 10.137853 0.01416 0.472168;
90, 9.743335 0.399902 0.049805;
91, 9.754955 0.260254 0.119629;
92, 9.770913 0.227051 0.237305;
93, 9.729332 0.119629 0.671387;
94, 0.092075 0.82373 0.21875;
95, 11.999398 0.337891 0.419922;
96, 0.018632 0.82666 0.979004;
97, 0.05492 0.929688 0.008301;
98, 14.12763 0.291992 0.876465;
99, 9.857385 0.527832 0.118164;
100, 7.995819 0.645996 0.120605;
101, 0.024269 0.991699 0.482422;
102, 0.014709 0.864258 0.450195;
103, 0.037814 0.736328 0.057617;
104, 12.944449 0.094238 0.902832;
105, 6.922181 0.684082 0.651855;
106, 11.530291 0.007324 0.013184;
107, 0.416803 0.85498 0.782227;
108, 0.053851 0.818848 0.879883;
109, 0.045816 0.950684 0.109375;
110, 12.104288 0.10791 0.147949;
111, 12.082834 0.042969 0.04541;
112, 10.329354 0.445312 0.072266;
113, 10.344202 0.367188 0.705078;
114, 10.32889 0.319824 0.366699;
115, 0.025819 0.808105 0.833008;
116, 16.930759 0.092773 0.217773;
117, 8.765446 0.730957 0.889648;
118, 14.299363 0.271973 0.078125;
119, 0.124752 0.743164 0.30127;
120, 0.009162 0.749512 0.049316;
121, 14.991566 0.270996 0.251953;
122, 0.027998 0.759766 0.750488;
123, 0.034122 0.980957 0.577148;
124, 10.039335 0.178711 0.509766;
125, 10.021697 0.037109 0.65332;
126, 0.255411 0.84375 0.504883;
127, 0.038888 0.929688 0.898926;
128, 10.896514 0.004395 0.04248;
129, 0.097861 0.76123 0.463867;
130, 0.024964 0.736816 0.128906;
131, 0.054966 0.765137 0.520996;
132, 12.844681 0.136719 0.481934;
133, 8.091598 0.632324 0.206055;
134, 8.429341 0.418945 0.804199;
135, 8.075755 0.575684 0.410156;
136, 8.62274 0.395508 0.672852;
137, 0.059465 0.744141 0.39209;
138, 0.045895 0.904785 0.482422;
139, 7.070064 0.574707 0.990234;
140, 0.012437 0.756836 0.012695;
141, 8.181156 0.504395 0.160645;
142, 8.754295 0.167969 0.727051;
143, 0.147093 0.937988 0.442871;
144, 17.441914 0.103027 0.499023;
145, 15.758421 0.310547 0.155273;
146, 9.695367 0.52832 0.880859;
147, 0.014344 0.810059 0.847168;
148, 49.112278 0.076172 0.91748;
149, 49.117058 0.192383 0.969727;
150, 48.740967 0.362305 0.565918;
151, 49.413601 0.054688 0.50293;
152, 49.408195 0.151855 0.342285;
153, 0.343973 0.888184 0.938965;
154, 5.32586 0.661133 0.927734;
155, 5.312725 0.610352 0.980957;
156, 9.455319 0.100098 0.796387;
157, 6.880966 0.455566 0.943848;
158, 6.849748 0.275391 0.392578;
159, 0.014268 0.992188 0.436035;
160, 22.251404 0.289551 0.120117;
161, 22.541405 0.046387 0.240723;
162, 22.26 0.259766 0.146973;
163, 12.219491 0.541992 0.302246;
164, 12.191235 0.583496 0.705078;
165, 12.159531 0.552734 0.663574;
166, 8.011778 0.617676 0.557129;
167, 0.008904 0.76123 0.34668;
168, 13.84179 0.169434 0.55127;
169, 13.522502 0.505371 0.540527;
170, 0.095511 0.92041 0.475586;
171, 0.024747 0.990234 0.231445;
172, 0.025153 0.807617 0.293457;
173, 18.737492 0.541016 0.006348;
174, 18.792683 0.23291 0.224609;
175, 18.797388 0.202148 0.998535;
176, 0.976536 0.736328 0.650879;
177, 10.223749 0.203125 0.761719;
178, 10.096 0.312988 0.69873;
179, 0.056684 0.978516 0.675293;
180, 9.731514 0.211914 0.490723;
181, 4.357526 0.692871 0.370117;
182, 4.39099 0.677246 0.862305;
183, 0.011398 0.919434 0.73584;
184, 15.441099 0.193848 0.631836;
185, 15.442151 0.227539 0.941895;
186, 0.007216 0.986328 0.941895;
187, 0.031148 0.925293 0.888184;
188, 6.814994 0.650879 0.464355;
189, 11.864739 0.097168 0.92627;
190, 6.809965 0.639648 0.020508;
191, 0.006329 0.935547 0.243164;
192, 8.599485 0.458496 0.503418;
193, 8.546533 0.451172 0.432617;
194, 2.723172 0.71875 0.571289;
195, 0.01848 0.991699 0.90332;
196, 48.224331 0.286621 0.947754;
197, 0.117341 0.887695 0.266602;
198, 0.023408 0.783203 0.303223;
199, 0.016096 0.924316 0.168457;
200, 0.037556 0.993652 0.109375;
201, 19.571251 0.621582 0.888184;
202, 19.572008 0.519531 0.290039;
203, 20.661032 0.108887 0.606445;
204, 18.44754 0.719238 0.355469;
205, 20.128767 0.391113 0.225098;
206, 19.798311 0.579102 0.785645;
207, 20.942709 0.020996 0.927246;
208, 19.566742 0.638184 0.182129;
209, 0.034809 0.805176 0.40332;
210, 0.016514 0.996582 0.827637;
211, 14.70191 0.325195 0.635254;
212, 14.692454 0.276367 0.959473;
213, 0.087821 0.780762 0.974609;
214, 12.95625 0.17627 0.046387;
215, 0.125206 0.911621 0.44873;
216, 0.028636 0.990723 0.897461;
217, 14.273898 0.306641 0.237793;
218, 14.289009 0.4375 0.791504;
219, 0.060892 0.84375 0.670898;
220, 0.005257 0.82959 0.367676;
221, 0.026122 0.85791 0.348145;
222, 14.27143 0.335938 0.507324;
223, 14.266223 0.37793 0.67334;
224, 0.057298 0.795898 0.48291;
225, 15.456322 0.338867 0.858398;
226, 15.547705 0.203125 0.130371;
227, 15.455844 0.455078 0.366699;
228, 13.72306 0.576172 0.608887;
229, 13.732609 0.586914 0.864746;
230, 0.006365 0.972656 0.352051;
231, 0.330246 0.719238 0.205078;
232, 14.139207 0.10791 0.291992;
233, 7.291592 0.59082 0.087402;
234, 0.014551 0.927246 0.603027;
235, 1.379956 0.693359 0.601562;
236, 18.032366 0.026855 0.922363;
237, 1.390388 0.696777 0.973633;
238, 11.179949 0.513672 0.132812;
239, 11.37067 0.186523 0.250488;
240, 0.192313 0.907715 0.861816;
241, 8.151546 0.45166 0.794434;
242, 0.015478 0.843262 0.347656;
243, 12.207121 0.327148 0.731445;
244, 8.404236 0.580566 0.864746;
245, 2.365225 0.717773 0.67041;
246, 0.03237 0.84668 0.200684;
247, 0.005339 0.948242 0.282715;
248, 0.010212 0.835938 0.623047;
249, 49.645084 0.07959 0.902832;
250, 15.386179 0.480469 0.580566;
251, 0.042136 0.808105 0.54541;
252, 0.017009 0.998535 0.796387;
253, 8.356338 0.455078 0.998047;
254, 9.941457 0.133301 0.058594;
255, 0.130194 0.765137 0.495605;
256, 12.244452 0.293945 0.127441;
257, 12.226691 0.515137 0.118652;
258, 12.242942 0.419922 0.825195;
259, 12.260261 0.323242 0.399902;
260, 13.787266 0.008301 0.498047;
261, 13.768963 0.10791 0.606445;
262, 13.762996 0.20752 0.429199;
263, 0.147167 0.938477 0.610352;
264, 0.024211 0.804199 0.014648;
265, 0.042015 0.852051 0.896484;
266, 14.032336 0.312012 0.477051;
267, 0.047328 0.998047 0.727539;
268, 0.005164 0.970703 0.02832;
269, 0.096306 0.728516 0.512695;
270, 0.043046 0.908691 0.201172;
271, 0.114829 0.729492 0.620605;
272, 11.823941 0.246094 0.567383;
273, 11.866449 0.041016 0.79248;
274, 0.103654 0.768066 0.72998;
275, 7.702472 0.586426 0.185059;
276, 0.045349 0.881836 0.008301;
277, 15.65766 0.321777 0.435059;
278, 0.064892 0.92627 0.276367;
279, 15.802787 0.340332 0.774902;
280, 0.287401 0.74707 0.131836;
281, 15.634065 0.62793 0.719238;
282, 16.859612 0.149414 0.120117;
283, 15.661748 0.571777 0.745605;
284, 18.039734 0.116699 0.589355;
285, 15.856128 0.495117 0.394043;
286, 15.881407 0.363281 0.680176;
287, 16.200724 0.155762 0.41748;
288, 0.088219 0.825684 0.966797;
289, 15.283757 0.30127 0.378418;
290, 0.054102 0.904785 0.089355;
291, 9.38805 0.192383 0.603516;
292, 2.679539 0.693848 0.52832;
293, 2.655401 0.702148 0.392578;
294, 13.685984 0.637695 0.756836;
295, 0.030448 0.777832 0.415039;
296, 0.022859 0.994629 0.153809;
297, 7.821386 0.540039 0.046387;
298, 7.798352 0.546875 0.369141;
299, 0.002897 0.95459 0.32959;
300, 15.069467 0.032715 0.944824;
301, 13.820826 0.279297 0.348145;
302, 7.81666 0.645508 0.147461;
303, 0.065693 0.862305 0.839844;
304, 0.030863 0.772949 0.562012;
305, 14.258108 0.108398 0.570312;
306, 5.01416 0.719727 0.878418;
307, 8.428132 0.494141 0.06543;
308, 10.360589 0.026855 0.14502;
309, 0.083233 0.978516 0.812012;
310, 14.263327 0.601562 0.938965;
311, 14.778989 0.217285 0.416992;
312, 0.09668 0.948242 0.154785;
313, 8.702357 0.453125 0.62793;
314, 8.706571 0.360352 0.043457;
315, 8.872195 0.187012 0.263672;
316, 8.628883 0.555664 0.381348;
317, 0.056617 0.929199 0.987305;
318, 0.027978 0.931641 0.142578;
319, 12.137188 0.339355 0.402832;
320, 9.531197 0.592773 0.566895;
321, 10.388461 0.229004 0.493652;
322, 10.391372 0.279785 0.425781;
323, 10.865774 0.016602 0.615234;
324, 10.411106 0.271484 0.092773;
325, 10.738002 0.084473 0.891602;
326, 10.385374 0.242676 0.216797;
327, 10.404979 0.128418 0.29834;
328, 10.412956 0.219727 0.002441;
329, 0.039685 0.828613 0.851074;
330, 17.943213 0.447754 0.115723;
331, 17.946636 0.348633 0.618652;
332, 17.952858 0.449707 0.555664;
333, 17.9548 0.244629 0.275391;
334, 0.112954 0.855957 0.350098;
335, 0.041131 0.989746 0.693359;
336, 0.033238 0.821289 0.544922;
337, 20.789785 0.505371 0.155762;
338, 20.793564 0.355469 0.36377;
339, 20.859209 0.189941 0.118652;
340, 0.079432 0.781738 0.762695;
341, 8.892406 0.572266 0.644531;
342, 8.877904 0.59375 0.432129;
343, 8.876824 0.506348 0.56543;
344, 0.089491 0.924805 0.398926;
345, 7.831844 0.488281 0.061035;
346, 9.878361 0.050781 0.601562;
347, 9.867346 0.041504 0.90918;
348, 7.81921 0.467773 0.896484;
349, 0.032913 0.839355 0.92627;
350, 18.212833 0.452637 0.907715;
351, 18.219742 0.374512 0.609375;
352, 18.154388 0.581055 0.443848;
353, 18.150045 0.573242 0.113281;
354, 18.403873 0.289551 0.166504;
355, 18.411674 0.381836 0.055176;
356, 0.011053 0.977051 0.953125;
357, 0.023452 0.748535 0.302246;
358, 13.473795 0.204102 0.618652;
359, 0.067382 0.754883 0.871582;
360, 14.19324 0.104004 0.487305;
361, 7.62489 0.533203 0.427734;
362, 0.083807 0.904785 0.743164;
363, 19.913616 0.062988 0.643555;
364, 18.958359 0.366211 0.041504;
365, 18.953623 0.379395 0.175781;
366, 0.079106 0.924805 0.102539;
367, 11.3091 0.233398 0.319336;
368, 11.326434 0.034668 0.671387;
369, 0.335361 0.902344 0.116699;
370, 2.516888 0.689941 0.209961;
371, 3.353333 0.575195 0.476562;
372, 3.357414 0.55957 0.082031;
373, 3.360231 0.576172 0.197266;
374, 0.044802 0.871582 0.397949;
375, 10.50035 0.352539 0.833008;
376, 10.515437 0.269531 0.091309;
377, 0.068739 0.79541 0.063477;
378, 20.979816 0.470215 0.658203;
379, 20.984221 0.273926 0.263184;
380, 0.159102 0.910645 0.53418;
381, 7.347038 0.536133 0.796387;
382, 7.493595 0.224121 0.525879;
383, 7.467885 0.128906 0.607422;
384, 2.463073 0.729492 0.879883;
385, 7.834516 0.415527 0.112305;
386, 9.897647 0.024414 0.149902;
387, 9.901966 0.099121 0.387207;
388, 0.121562 0.793945 0.682129;
389, 17.141737 0.131348 0.508789;
390, 0.248695 0.975098 0.04248;
391, 24.109941 0.093262 0.801758;
392, 22.533369 0.261719 0.577148;
393, 22.515793 0.35498 0.036621;
394, 22.694529 0.167969 0.759766;
395, 22.504387 0.483887 0.438965;
396, 22.516031 0.280762 0.552734;
397, 22.742411 0.089844 0.478027;
398, 7.950262 0.647461 0.65625;
399, 7.948783 0.654785 0.530273;
400, 11.668386 0.063965 0.673828;
401, 7.944526 0.663574 0.005859;
