0, 16.55447 0.414062 0.669434;
1, 16.576658 0.220703 0.522461;
2, 16.56354 0.44873 0.138672;
3, 16.552811 0.345215 0.004883;
4, 0.626996 0.734863 0.03418;
5, 1.793055 0.687988 0.998047;
6, 0.278078 0.740234 0.33252;
7, 12.433343 0.338379 0.200684;
8, 12.434079 0.264648 0.432129;
9, 12.427803 0.299805 0.085449;
10, 12.439085 0.247559 0.975586;
11, 12.470363 0.055176 0.115723;
12, 12.466423 0.020508 0.990723;
13, 0.340125 0.899902 0.388184;
14, 19.102535 0.254395 0.774414;
15, 19.129232 0.091797 0.412109;
16, 19.116177 0.255371 0.578613;
17, 0.187421 0.874512 0.740234;
18, 14.42466 0.049805 0.845215;
19, 14.431681 0.127441 0.308105;
20, 13.118602 0.464355 0.586914;
21, 13.104377 0.345215 0.801758;
22, 13.09706 0.505859 0.867188;
23, 13.873749 0.13623 0.563965;
24, 8.352372 0.536133 0.981934;
25, 0.038812 0.908203 0.095703;
26, 12.031269 0.351074 0.84082;
27, 12.342337 0.171875 0.66748;
28, 0.14275 0.961426 0.035645;
29, 18.226969 0.60791 0.898926;
30, 18.751554 0.269531 0.040039;
31, 18.833258 0.183594 0.855469;
32, 0.039975 0.993164 0.5625;
33, 0.073406 0.730469 0.365723;
34, 0.025678 0.853516 0.418945;
35, 0.019219 0.92334 0.838867;
36, 20.765833 0.005859 0.213867;
37, 20.760054 0.10791 0.254883;
38, 0.149483 0.952637 0.681152;
39, 7.462717 0.529297 0.541992;
40, 3.488986 0.685059 0.14502;
41, 10.193856 0.27002 0.893066;
42, 10.268316 0.20459 0.721191;
43, 10.259793 0.127441 0.686523;
44, 10.176915 0.244141 0.708496;
45, 10.340225 0.185547 0.694336;
46, 0.103674 0.836914 0.452637;
47, 9.910141 0.386719 0.670898;
48, 0.089012 0.936035 0.487305;
49, 9.444965 0.238281 0.45166;
50, 9.450004 0.223633 0.998047;
51, 0.195124 0.875 0.871582;
52, 7.997818 0.471191 0.693359;
53, 2.338284 0.724121 0.453125;
54, 13.164844 0.005371 0.36377;
55, 0.454758 0.849121 0.947754;
56, 20.274265 0.379883 0.631836;
57, 19.964533 0.54541 0.869141;
58, 0.006226 0.752441 0.504395;
59, 14.10764 0.283691 0.173828;
60, 0.300365 0.866211 0.98584;
61, 12.754869 0.287598 0.27832;
62, 0.087032 0.861328 0.024414;
63, 21.700678 0.123535 0.804688;
64, 0.125607 0.834961 0.35498;
65, 12.817962 0.099121 0.050781;
66, 0.09953 0.755859 0.006348;
67, 0.065275 0.853027 0.568359;
68, 16.887505 0.108398 0.369629;
69, 0.113733 0.830078 0.852539;
70, 0.023715 0.736328 0.898926;
71, 7.311249 0.425781 0.512695;
72, 7.414521 0.205078 0.628418;
73, 0.05789 0.802734 0.61377;
74, 14.088596 0.349609 0.621582;
75, 0.072644 0.987305 0.861816;
76, 10.622898 0.369141 0.351562;
77, 2.580958 0.694336 0.180176;
78, 13.84096 0.101562 0.052734;
79, 0.067008 0.779297 0.460938;
80, 5.174124 0.65625 0.03418;
81, 5.304987 0.49707 0.;
82, 0.022394 0.780762 0.624023;
83, 15.149014 0.179688 0.396484;
84, 14.954378 0.306641 0.410645;
85, 14.95342 0.51709 0.041504;
86, 16.133032 0.071289 0.975586;
87, 16.139301 0.187988 0.64502;
88, 16.130598 0.166016 0.575684;
89, 14.967384 0.277832 0.42041;
90, 9.315365 0.680176 0.696289;
91, 13.214108 0.029785 0.132812;
92, 0.381867 0.873047 0.599121;
93, 6.921844 0.581055 0.897461;
94, 9.768588 0.02832 0.677246;
95, 6.993149 0.633789 0.331055;
96, 0.017328 0.76416 0.520508;
97, 0.033983 0.978516 0.212402;
98, 0.030717 0.770508 0.802246;
99, 12.794663 0.053223 0.44043;
100, 0.306527 0.834961 0.748047;
101, 0.017521 0.940918 0.171387;
102, 9.587912 0.467773 0.167969;
103, 11.340886 0.080566 0.789062;
104, 11.348726 0.106445 0.586914;
105, 11.362794 0.195312 0.465332;
106, 11.341823 0.04248 0.912109;
107, 0.230606 0.87793 0.256836;
108, 10.657621 0.38623 0.133301;
109, 0.258656 0.744629 0.96582;
110, 10.926538 0.185059 0.534668;
111, 10.775058 0.24707 0.644043;
112, 7.232485 0.594238 0.138184;
113, 6.754016 0.633301 0.920898;
114, 8.027609 0.375977 0.681152;
115, 8.011549 0.463379 0.418457;
116, 7.975 0.276367 0.652832;
117, 0.066419 0.986328 0.787598;
118, 15.135611 0.246094 0.552734;
119, 15.174551 0.055176 0.757812;
120, 0.28518 0.928711 0.259277;
121, 8.267237 0.451172 0.551758;
122, 0.035172 0.906738 0.650879;
123, 14.690001 0.042969 0.690918;
124, 13.402832 0.361328 0.964355;
125, 13.392371 0.399414 0.399414;
126, 0.034964 0.907715 0.199219;
127, 7.804188 0.516602 0.641113;
128, 7.824046 0.427734 0.743652;
129, 7.594375 0.675293 0.749512;
130, 7.765608 0.472168 0.285156;
131, 8.19435 0.167969 0.633789;
132, 8.237766 0.024902 0.651367;
133, 7.794721 0.321289 0.008789;
134, 2.678771 0.70166 0.400391;
135, 3.20887 0.67627 0.821777;
136, 3.475024 0.51416 0.125;
137, 0.046531 0.881836 0.655273;
138, 18.050138 0.07666 0.246094;
139, 15.525082 0.459473 0.112305;
140, 7.370285 0.634277 0.555664;
141, 9.484636 0.166992 0.548828;
142, 8.957719 0.475586 0.223633;
143, 2.422235 0.717285 0.873535;
144, 0.026379 0.750488 0.887695;
145, 7.757559 0.63916 0.504395;
146, 0.004954 0.828125 0.258789;
147, 7.660206 0.657227 0.155273;
148, 0.005471 0.948242 0.466797;
149, 15.766892 0.62207 0.276367;
150, 0.016343 0.758789 0.629395;
151, 14.163234 0.011719 0.601562;
152, 12.783305 0.445312 0.055176;
153, 2.846263 0.729492 0.871582;
154, 0.019138 0.991699 0.410645;
155, 17.886187 0.024902 0.279785;
156, 17.876343 0.187988 0.946289;
157, 0.021649 0.968262 0.813477;
158, 7.361412 0.526855 0.315918;
159, 7.389924 0.508789 0.667969;
160, 7.365129 0.267578 0.746094;
161, 0.025501 0.790527 0.560059;
162, 0.04786 0.820312 0.802246;
163, 17.545382 0.166016 0.709473;
164, 0.099086 0.816895 0.254883;
165, 0.002029 0.985352 0.014648;
166, 1.101464 0.708008 0.927734;
167, 16.312443 0.020996 0.138672;
168, 16.335068 0.133301 0.805664;
169, 0.044022 0.796875 0.871582;
170, 11.008399 0.424805 0.024902;
171, 0.069543 0.945801 0.202148;
172, 10.072907 0.205078 0.246582;
173, 9.961726 0.427246 0.713867;
174, 9.952521 0.345703 0.161621;
175, 10.031219 0.219727 0.782227;
176, 9.994452 0.239746 0.000977;
177, 9.992113 0.040527 0.809082;
178, 7.984455 0.623047 0.650391;
179, 7.95009 0.67627 0.439941;
180, 8.268544 0.438477 0.154785;
181, 8.285616 0.418945 0.565918;
182, 9.963585 0.132812 0.185059;
183, 0.29326 0.743164 0.158691;
184, 0.055943 0.787109 0.08252;
185, 0.027312 0.807617 0.200195;
186, 0.015586 0.749023 0.518555;
187, 8.162508 0.428223 0.13916;
188, 8.147407 0.480469 0.710449;
189, 0.08883 0.867676 0.221191;
190, 0.017099 0.885742 0.200684;
191, 0.026689 0.780762 0.963379;
192, 0.030987 0.753418 0.951172;
193, 12.097693 0.187988 0.462891;
194, 12.113674 0.146484 0.647461;
195, 11.963607 0.356934 0.256348;
196, 14.248984 0.089355 0.484863;
197, 0.21091 0.916992 0.046387;
198, 21.406559 0.103027 0.200195;
199, 21.398945 0.155273 0.650391;
200, 19.522633 0.30957 0.633301;
201, 0.02533 0.790039 0.708496;
202, 0.041844 0.945801 0.91748;
203, 19.784651 0.311035 0.121094;
204, 0.047344 0.807129 0.000977;
205, 22.121964 0.593262 0.4375;
206, 22.680332 0.150879 0.776367;
207, 0.138561 0.944824 0.400391;
208, 18.631147 0.11377 0.302246;
209, 0.100596 0.801758 0.841797;
210, 0.014938 0.926758 0.910645;
211, 18.871317 0.238281 0.196777;
212, 0.025965 0.995117 0.125977;
213, 0.047076 0.737305 0.270508;
214, 0.01821 0.796875 0.015137;
215, 25.99514 0.07373 0.293457;
216, 0.134883 0.809082 0.579102;
217, 17.087078 0.278809 0.857422;
218, 17.095907 0.228516 0.431641;
219, 17.096708 0.518066 0.530273;
220, 17.103352 0.22998 0.518555;
221, 17.093164 0.401367 0.294434;
222, 0.045126 0.766602 0.245605;
223, 3.308168 0.682129 0.643555;
224, 9.703897 0.036133 0.648438;
225, 3.735039 0.535645 0.835938;
226, 0.018046 0.803711 0.455078;
227, 19.200525 0.240723 0.746094;
228, 19.199549 0.283691 0.799805;
229, 19.202347 0.462402 0.473633;
230, 19.206974 0.230957 0.419434;
231, 0.116969 0.937012 0.370117;
232, 16.377846 0.116211 0.75;
233, 9.367997 0.538086 0.666504;
234, 9.440779 0.397949 0.764648;
235, 9.480897 0.206055 0.455566;
236, 9.476064 0.174316 0.100098;
237, 9.433847 0.250488 0.304688;
238, 9.618542 0.047852 0.055664;
239, 9.576989 0.151367 0.912598;
240, 9.583201 0.233398 0.836914;
241, 9.442017 0.50293 0.677734;
242, 7.706766 0.624512 0.108398;
243, 0.018232 0.960449 0.414551;
244, 0.007364 0.834961 0.583496;
245, 10.732206 0.331543 0.76416;
246, 8.487344 0.602539 0.820801;
247, 7.113846 0.677734 0.261719;
248, 10.19984 0.347656 0.564941;
249, 10.673213 0.155762 0.138184;
250, 7.365105 0.550781 0.949219;
251, 0.060505 0.871582 0.512207;
252, 14.118746 0.17041 0.163086;
253, 14.097385 0.223145 0.563965;
254, 7.327493 0.659668 0.112305;
255, 7.380447 0.609863 0.496094;
256, 7.335954 0.626465 0.522461;
257, 0.037167 0.768066 0.53418;
258, 8.336595 0.491699 0.728027;
259, 8.375422 0.510742 0.939453;
260, 8.353854 0.342285 0.94873;
261, 10.840491 0.057129 0.518066;
262, 0.19762 0.913574 0.743652;
263, 16.343777 0.063477 0.87793;
264, 16.349058 0.1875 0.806152;
265, 14.280398 0.426758 0.038574;
266, 7.285103 0.633301 0.079102;
267, 9.357535 0.222168 0.785645;
268, 7.339471 0.639648 0.48877;
269, 9.519086 0.254883 0.295898;
270, 7.318175 0.601562 0.470703;
271, 10.808177 0.09082 0.5625;
272, 8.493877 0.324219 0.580566;
273, 7.377718 0.537109 0.082031;
274, 2.464573 0.694336 0.498047;
275, 2.723727 0.676758 0.143066;
276, 0.062404 0.890625 0.975098;
277, 0.027312 0.98291 0.467285;
278, 22.41474 0.294434 0.653809;
279, 2.775776 0.720215 0.745605;
280, 0.032587 0.935059 0.508301;
281, 11.029881 0.08252 0.577148;
282, 2.583558 0.720215 0.782227;
283, 47.829296 0.152344 0.867188;
284, 47.836773 0.067871 0.092773;
285, 47.683025 0.342285 0.35791;
286, 47.6796 0.341797 0.948242;
287, 47.676987 0.287109 0.085938;
288, 2.585624 0.70166 0.339844;
289, 15.81782 0.080566 0.049316;
290, 13.049879 0.274414 0.550781;
291, 13.010504 0.513184 0.148438;
292, 0.040149 0.901367 0.140625;
293, 7.411646 0.547363 0.585938;
294, 9.750525 0.045898 0.503906;
295, 7.621659 0.240234 0.732422;
296, 0.101539 0.748535 0.125;
297, 0.031135 0.973145 0.874023;
298, 18.103008 0.21582 0.619629;
299, 18.091034 0.400391 0.057617;
300, 19.430374 0.023926 0.186523;
301, 19.433191 0.132812 0.449707;
302, 19.444607 0.040527 0.189941;
303, 18.09701 0.329102 0.45459;
304, 18.157501 0.186523 0.728516;
305, 18.098736 0.36377 0.302734;
306, 0.102029 0.862305 0.447754;
307, 17.789125 0.112793 0.794434;
308, 8.881246 0.527832 0.398438;
309, 0.038424 0.80957 0.549805;
310, 19.859638 0.099609 0.174805;
311, 14.442723 0.520508 0.072754;
312, 0.006121 0.830078 0.436523;
313, 7.259748 0.541016 0.763184;
314, 0.009085 0.759277 0.217285;
315, 14.998419 0.068848 0.804688;
316, 13.74663 0.283203 0.620605;
317, 14.05037 0.057129 0.663574;
318, 14.059584 0.066406 0.171387;
319, 7.008771 0.671387 0.199219;
320, 10.832456 0.149414 0.949707;
321, 9.754902 0.47998 0.257812;
322, 7.200455 0.59375 0.513184;
323, 10.273755 0.061523 0.53418;
324, 0.105944 0.748047 0.668945;
325, 47.858753 0.268066 0.963867;
326, 7.187894 0.670898 0.222168;
327, 0.009342 0.814941 0.820801;
328, 13.381469 0.444336 0.405762;
329, 13.363517 0.461426 0.062988;
330, 14.664333 0.062012 0.779785;
331, 0.120596 0.811523 0.483887;
332, 0.016631 0.901855 0.434082;
333, 7.222976 0.553711 0.802734;
334, 7.204233 0.513672 0.462891;
335, 7.202688 0.416016 0.556152;
336, 7.334467 0.196289 0.560547;
337, 0.14818 0.908203 0.754883;
338, 0.031426 0.865723 0.181641;
339, 18.880527 0.1875 0.941406;
340, 18.886292 0.019531 0.197754;
341, 9.479806 0.598633 0.827148;
342, 2.555056 0.725098 0.557129;
343, 13.057336 0.331055 0.045898;
344, 0.534391 0.732422 0.089844;
345, 0.003387 0.751465 0.104004;
346, 7.604057 0.613281 0.182617;
347, 0.020886 0.748535 0.774414;
348, 2.031253 0.685547 0.812012;
349, 2.036641 0.638184 0.472168;
350, 0.056317 0.916504 0.595215;
351, 18.566309 0.148438 0.151367;
352, 18.167227 0.477051 0.622559;
353, 2.644278 0.694824 0.151367;
354, 8.17658 0.40332 0.688477;
355, 7.480984 0.586426 0.07666;
356, 8.216249 0.415527 0.73584;
357, 7.088279 0.658203 0.61377;
358, 12.692413 0.108398 0.779297;
359, 9.145866 0.423828 0.76709;
360, 9.176548 0.408691 0.393555;
361, 1.766107 0.736328 0.824219;
362, 0.040041 0.875488 0.397461;
363, 15.63478 0.605469 0.75293;
364, 17.224726 0.067871 0.304688;
365, 0.289036 0.835449 0.782227;
366, 21.488304 0.371582 0.931641;
367, 21.004766 0.594238 0.229004;
368, 0.016947 0.791504 0.344238;
369, 12.998843 0.404297 0.713867;
370, 15.393931 0.0625 0.908691;
371, 15.406318 0.013184 0.680664;
372, 15.413336 0.077148 0.003418;
373, 12.677938 0.610352 0.956543;
374, 11.994808 0.622559 0.096191;
375, 12.007523 0.585449 0.361328;
376, 12.013368 0.51416 0.836914;
377, 12.034822 0.215332 0.795898;
378, 12.023126 0.047363 0.972168;
379, 12.027534 0.432129 0.754395;
380, 0.07514 0.845703 0.473145;
381, 0.02579 0.742188 0.280273;
382, 0.005009 0.908691 0.16748;
383, 14.120742 0.313965 0.342285;
384, 14.946386 0.050293 0.991699;
385, 0.091308 0.789062 0.563477;
386, 10.497396 0.511719 0.509277;
387, 10.491492 0.439453 0.011719;
388, 10.502559 0.589844 0.26709;
389, 11.225589 0.29834 0.749023;
390, 11.21478 0.502441 0.747559;
391, 10.481988 0.52002 0.322266;
392, 0.017315 0.812012 0.029785;
393, 18.271338 0.185059 0.925781;
394, 8.995416 0.533691 0.931641;
395, 0.011801 0.999512 0.003906;
396, 24.684237 0.294434 0.035156;
397, 0.010424 0.982422 0.290039;
398, 0.402403 0.723633 0.969238;
399, 0.02645 0.826172 0.019531;
400, 13.080778 0.213867 0.479492;
401, 8.370009 0.57666 0.004883;
