0, 0.168669 0.988281 0.224121;
1, 12.981639 0.355469 0.402832;
2, 0.053605 0.816895 0.742188;
3, 19.458727 0.211914 0.314453;
4, 13.761254 0.615723 0.70166;
5, 13.773633 0.589355 0.778809;
6, 13.778601 0.571289 0.803223;
7, 0.03617 0.749512 0.654785;
8, 5.403856 0.653809 0.951172;
9, 9.760885 0.046387 0.318359;
10, 7.66153 0.245605 0.901855;
11, 0.014635 0.756836 0.264648;
12, 14.635533 0.282227 0.274414;
13, 7.460771 0.659668 0.643555;
14, 9.642966 0.284668 0.165527;
15, 10.21141 0.163086 0.848145;
16, 9.668754 0.396973 0.230469;
17, 9.983383 0.157715 0.123047;
18, 9.983745 0.172852 0.782227;
19, 10.000754 0.044922 0.508789;
20, 10.016685 0.097168 0.801758;
21, 9.651449 0.466309 0.352539;
22, 11.380963 0.035645 0.106445;
23, 11.38692 0.203613 0.678223;
24, 0.081338 0.867676 0.123535;
25, 0.034061 0.864746 0.892578;
26, 0.022218 0.928223 0.819336;
27, 0.023185 0.80957 0.96582;
28, 0.018086 0.827148 0.648926;
29, 16.25404 0.314453 0.063965;
30, 7.152725 0.645508 0.685059;
31, 0.018402 0.798828 0.868652;
32, 0.037584 0.743164 0.797852;
33, 10.942758 0.262695 0.719238;
34, 10.952514 0.373047 0.883789;
35, 0.00472 0.962891 0.99707;
36, 14.706554 0.617676 0.919434;
37, 14.744052 0.678711 0.799805;
38, 17.268078 0.049316 0.683594;
39, 16.140232 0.31543 0.225098;
40, 16.119465 0.214355 0.73877;
41, 0.113278 0.942871 0.098633;
42, 10.071407 0.45166 0.154785;
43, 0.035559 0.866699 0.530762;
44, 0.003508 0.970215 0.344238;
45, 10.815437 0.400391 0.645508;
46, 10.819349 0.440918 0.946289;
47, 7.598864 0.678711 0.018066;
48, 7.619226 0.649902 0.669434;
49, 8.709311 0.37793 0.108887;
50, 4.093216 0.686035 0.067383;
51, 4.844187 0.543457 0.632324;
52, 0.090889 0.879395 0.540039;
53, 0.008318 0.783691 0.519531;
54, 35.736763 0.247559 0.941406;
55, 10.516042 0.611816 0.301758;
56, 12.704043 0.140137 0.831055;
57, 12.715995 0.060059 0.304688;
58, 12.715543 0.23584 0.125977;
59, 12.690822 0.007812 0.175781;
60, 12.705868 0.099609 0.504395;
61, 11.645345 0.490723 0.596191;
62, 0.034894 0.802734 0.375;
63, 14.813327 0.44043 0.099121;
64, 0.014455 0.760742 0.632812;
65, 0.025378 0.758789 0.603516;
66, 12.920001 0.267578 0.523438;
67, 0.248905 0.864258 0.763184;
68, 48.729458 0.270508 0.908691;
69, 48.723637 0.231445 0.914551;
70, 0.124998 0.904297 0.089355;
71, 0.488596 0.720703 0.932617;
72, 11.221186 0.136719 0.644531;
73, 0.185042 0.914551 0.380859;
74, 16.367229 0.062988 0.899414;
75, 7.647069 0.632812 0.39502;
76, 11.207293 0.042969 0.092285;
77, 9.438887 0.406738 0.772461;
78, 10.759499 0.12207 0.227539;
79, 10.74245 0.03125 0.555176;
80, 9.408039 0.459961 0.289551;
81, 7.685895 0.607422 0.924805;
82, 0.032749 0.984375 0.9375;
83, 48.674065 0.141602 0.890625;
84, 13.341735 0.480957 0.891602;
85, 13.351239 0.366699 0.613281;
86, 14.636876 0.124512 0.273438;
87, 8.947817 0.61377 0.441895;
88, 12.152209 0.088379 0.859863;
89, 7.488377 0.645996 0.968262;
90, 9.038865 0.18457 0.424805;
91, 9.049204 0.186523 0.370117;
92, 8.893723 0.512695 0.513184;
93, 7.438381 0.647461 0.77832;
94, 0.013974 0.939941 0.613281;
95, 18.024992 0.015625 0.01709;
96, 16.978367 0.369141 0.759766;
97, 18.292818 0.027832 0.248535;
98, 16.962667 0.518066 0.651855;
99, 0.010428 0.776855 0.570801;
100, 12.20215 0.341309 0.318848;
101, 12.29157 0.177246 0.111816;
102, 0.123291 0.942871 0.873047;
103, 16.890259 0.081543 0.40625;
104, 0.203933 0.871094 0.223633;
105, 0.035403 0.952148 0.486816;
106, 7.158583 0.555176 0.702148;
107, 0.022219 0.761719 0.968262;
108, 11.938878 0.258789 0.467773;
109, 7.00262 0.671387 0.748535;
110, 11.270826 0.117188 0.631836;
111, 11.251345 0.157715 0.564453;
112, 11.259404 0.195312 0.5625;
113, 0.140279 0.922852 0.825195;
114, 0.027238 0.947266 0.834473;
115, 9.03641 0.395508 0.756348;
116, 9.684746 0.145996 0.537109;
117, 9.072997 0.449707 0.924805;
118, 7.417871 0.618652 0.265137;
119, 8.853787 0.230957 0.537598;
120, 8.836368 0.373047 0.999512;
121, 9.02905 0.189453 0.794434;
122, 8.865831 0.349609 0.636719;
123, 10.785848 0.054199 0.545898;
124, 8.878773 0.425781 0.722168;
125, 8.859516 0.465332 0.362305;
126, 0.010673 0.957031 0.937988;
127, 8.055446 0.470703 0.848633;
128, 8.072168 0.445801 0.727051;
129, 8.068908 0.397949 0.62207;
130, 0.036308 0.935547 0.056641;
131, 7.308319 0.548828 0.739258;
132, 2.869842 0.711426 0.675293;
133, 0.003371 0.90918 0.553223;
134, 11.992933 0.319824 0.987793;
135, 0.01817 0.980957 0.056152;
136, 9.958263 0.437988 0.17334;
137, 9.971951 0.24707 0.994141;
138, 0.095489 0.819824 0.13623;
139, 2.404123 0.69043 0.219238;
140, 0.016206 0.792969 0.965332;
141, 10.212772 0.36377 0.932617;
142, 10.211368 0.29541 0.324707;
143, 0.097101 0.745117 0.947754;
144, 47.66185 0.20752 0.878418;
145, 0.125454 0.846191 0.401367;
146, 10.872423 0.36377 0.370117;
147, 2.378979 0.703125 0.541992;
148, 12.441404 0.629395 0.5;
149, 0.009071 0.891113 0.643555;
150, 10.763975 0.642578 0.366211;
151, 12.468936 0.337402 0.283691;
152, 13.916817 0.103027 0.900879;
153, 10.803388 0.616699 0.337402;
154, 13.16616 0.034668 0.585938;
155, 11.697296 0.319824 0.07666;
156, 0.105602 0.92041 0.950195;
157, 9.695434 0.39209 0.537109;
158, 8.855794 0.53125 0.052246;
159, 0.011303 0.760742 0.801758;
160, 7.053267 0.61084 0.748535;
161, 7.014136 0.588379 0.859863;
162, 0.068925 0.940918 0.350586;
163, 0.612384 0.711914 0.356445;
164, 0.03342 0.975586 0.621094;
165, 6.117709 0.657227 0.935059;
166, 10.317396 0.066406 0.508789;
167, 0.166183 0.833008 0.171387;
168, 18.21693 0.149902 0.291016;
169, 18.206354 0.181641 0.691406;
170, 7.331971 0.677246 0.120605;
171, 7.857581 0.437988 0.251953;
172, 2.381503 0.713379 0.023926;
173, 12.723334 0.085449 0.40625;
174, 11.169336 0.463379 0.60791;
175, 0.087925 0.84082 0.203125;
176, 7.638617 0.491699 0.390137;
177, 7.627505 0.501953 0.937988;
178, 0.03443 0.902832 0.142578;
179, 11.429411 0.102051 0.330566;
180, 0.102267 0.787598 0.240234;
181, 0.027621 0.76416 0.749023;
182, 0.019715 0.766602 0.939941;
183, 13.751639 0.218262 0.638184;
184, 13.742316 0.450684 0.485352;
185, 15.015255 0.077637 0.983887;
186, 0.11716 0.825195 0.950195;
187, 6.996682 0.648438 0.208008;
188, 10.977796 0.016113 0.910645;
189, 10.975285 0.125488 0.63916;
190, 10.971827 0.145508 0.407227;
191, 9.140649 0.318359 0.729492;
192, 9.129964 0.514648 0.044922;
193, 7.042489 0.638184 0.098633;
194, 9.626784 0.338379 0.77832;
195, 7.043811 0.602539 0.781738;
196, 0.038826 0.930176 0.157227;
197, 11.443856 0.072266 0.697754;
198, 9.447787 0.539551 0.444336;
199, 9.669355 0.19043 0.663574;
200, 9.533404 0.270508 0.980957;
201, 0.004337 0.983398 0.236816;
202, 11.254748 0.353027 0.748047;
203, 7.957616 0.624023 0.804199;
204, 7.927994 0.504883 0.278809;
205, 8.636724 0.166016 0.406738;
206, 7.982891 0.379883 0.040527;
207, 10.002544 0.058105 0.217285;
208, 0.093473 0.762695 0.340332;
209, 0.034633 0.984375 0.550293;
210, 14.843575 0.263672 0.723145;
211, 14.85046 0.338867 0.149414;
212, 16.525579 0.053711 0.314453;
213, 9.469238 0.60791 0.884766;
214, 10.352858 0.25 0.005371;
215, 7.758227 0.632324 0.725098;
216, 7.782932 0.494629 0.659668;
217, 0.011893 0.794922 0.793457;
218, 9.321291 0.53125 0.152832;
219, 0.017388 0.787109 0.084473;
220, 0.006231 0.896484 0.841309;
221, 16.714117 0.315918 0.095703;
222, 16.718752 0.244141 0.32373;
223, 7.206372 0.659668 0.519043;
224, 0.051757 0.976074 0.880371;
225, 15.987486 0.311523 0.839844;
226, 16.799625 0.036133 0.248047;
227, 15.986256 0.425293 0.813477;
228, 17.094761 0.078125 0.807129;
229, 7.410478 0.614746 0.306152;
230, 7.619843 0.445312 0.833008;
231, 0.017443 0.838379 0.397461;
232, 10.154687 0.398926 0.013184;
233, 10.185337 0.434082 0.70166;
234, 11.328687 0.119141 0.660156;
235, 0.105067 0.820801 0.981934;
236, 15.144406 0.231934 0.34668;
237, 12.80092 0.599121 0.774414;
238, 13.40732 0.331543 0.499023;
239, 14.74093 0.067383 0.98291;
240, 14.74334 0.017578 0.219238;
241, 13.405059 0.474609 0.692383;
242, 13.407653 0.399414 0.562012;
243, 12.802716 0.544922 0.042969;
244, 12.781784 0.59082 0.321777;
245, 0.144071 0.744629 0.277344;
246, 0.030088 0.759766 0.443848;
247, 7.317848 0.620117 0.891113;
248, 8.190155 0.381348 0.561035;
249, 8.190541 0.267578 0.833984;
250, 7.320268 0.61377 0.709961;
251, 8.651669 0.228027 0.572266;
252, 8.587317 0.245117 0.721191;
253, 7.248275 0.554688 0.060547;
254, 7.295144 0.509277 0.348145;
255, 7.339608 0.272949 0.671387;
256, 7.304393 0.268066 0.958984;
257, 7.26194 0.481934 0.232422;
258, 7.295619 0.55127 0.635254;
259, 7.660091 0.292969 0.443359;
260, 7.641619 0.461426 0.61377;
261, 7.606317 0.45752 0.105957;
262, 9.699187 0.024414 0.429688;
263, 3.191252 0.709473 0.662598;
264, 7.952451 0.421387 0.247559;
265, 8.266322 0.165527 0.345703;
266, 0.28677 0.875 0.899902;
267, 12.48742 0.333496 0.356934;
268, 13.940106 0.101074 0.574707;
269, 13.934855 0.038574 0.282227;
270, 12.455952 0.428711 0.674316;
271, 12.476156 0.260254 0.359863;
272, 12.484007 0.484375 0.610352;
273, 0.004677 0.958496 0.1875;
274, 12.602154 0.333496 0.680176;
275, 12.85461 0.171387 0.342285;
276, 12.616692 0.479004 0.444824;
277, 0.017088 0.984863 0.037598;
278, 7.796891 0.512207 0.068848;
279, 7.82023 0.514648 0.371582;
280, 9.301781 0.146484 0.030273;
281, 7.839711 0.267578 0.890137;
282, 7.798254 0.519043 0.594727;
283, 7.798343 0.558594 0.267578;
284, 0.077365 0.921875 0.486816;
285, 10.490685 0.421875 0.404297;
286, 11.934894 0.106934 0.398926;
287, 0.322145 0.871094 0.65918;
288, 8.146769 0.449219 0.503906;
289, 8.160924 0.361816 0.176758;
290, 0.030257 0.833984 0.467773;
291, 7.165478 0.549805 0.918457;
292, 7.766131 0.177246 0.294922;
293, 7.427516 0.280762 0.714844;
294, 7.177678 0.620117 0.959961;
295, 7.810289 0.397461 0.470215;
296, 7.151994 0.547363 0.510742;
297, 7.38833 0.378906 0.126953;
298, 0.011305 0.981445 0.271973;
299, 7.432242 0.55127 0.189453;
300, 3.627309 0.692383 0.962891;
301, 0.017893 0.777832 0.578613;
302, 12.136809 0.327637 0.916992;
303, 13.62194 0.047852 0.987305;
304, 12.124945 0.282715 0.57959;
305, 12.133011 0.369141 0.151367;
306, 12.673912 0.149902 0.895996;
307, 12.131647 0.512207 0.785645;
308, 0.015773 0.844727 0.686035;
309, 7.255206 0.506836 0.970215;
310, 7.104637 0.623047 0.505371;
311, 7.14568 0.493652 0.677734;
312, 7.101025 0.303711 0.901855;
313, 7.097619 0.559082 0.734375;
314, 7.101648 0.526367 0.114258;
315, 7.149127 0.259277 0.118652;
316, 0.298216 0.852539 0.882324;
317, 0.023778 0.750977 0.244141;
318, 13.836876 0.20166 0.941406;
319, 13.788354 0.306152 0.826172;
320, 13.777126 0.311035 0.209961;
321, 0.099457 0.955566 0.708008;
322, 7.177469 0.556152 0.615234;
323, 7.198705 0.543945 0.193848;
324, 11.059569 0.096191 0.462891;
325, 7.403087 0.515137 0.67627;
326, 7.424846 0.403809 0.31543;
327, 0.007631 0.981445 0.112305;
328, 0.009067 0.744141 0.878418;
329, 0.041643 0.887695 0.783691;
330, 0.004719 0.982422 0.42041;
331, 0.037955 0.805176 0.757324;
332, 0.009315 0.957031 0.930664;
333, 0.01637 0.94043 0.728516;
334, 13.605698 0.30127 0.791016;
335, 13.603775 0.238281 0.288574;
336, 13.596134 0.244629 0.889648;
337, 7.424691 0.632324 0.729004;
338, 10.032878 0.134277 0.625977;
339, 8.962806 0.353027 0.041016;
340, 0.053878 0.775391 0.138184;
341, 0.693942 0.713379 0.740723;
342, 0.697977 0.708984 0.525879;
343, 0.060561 0.814453 0.095703;
344, 19.324144 0.118652 0.25;
345, 7.22925 0.658691 0.363281;
346, 9.611056 0.247559 0.617188;
347, 9.601545 0.263672 0.013184;
348, 0.104843 0.840332 0.86377;
349, 20.962643 0.378906 0.326172;
350, 0.041351 0.763672 0.628418;
351, 8.571661 0.398438 0.949707;
352, 7.224025 0.634766 0.716309;
353, 10.630836 0.052246 0.123535;
354, 10.631411 0.001465 0.024902;
355, 8.734194 0.429688 0.628906;
356, 0.07169 0.861328 0.724609;
357, 18.85223 0.299805 0.282227;
358, 0.02777 0.758301 0.415527;
359, 0.02277 0.737305 0.581055;
360, 0.016115 0.846191 0.375488;
361, 13.392841 0.242188 0.529297;
362, 0.074572 0.775391 0.960938;
363, 11.559063 0.244141 0.767578;
364, 8.19632 0.575195 0.112793;
365, 8.941477 0.30127 0.868164;
366, 7.536608 0.650391 0.240723;
367, 0.004584 0.924316 0.490234;
368, 15.479509 0.34375 0.654297;
369, 9.660752 0.535156 0.644043;
370, 7.34137 0.628418 0.396484;
371, 7.540817 0.450684 0.252441;
372, 7.359113 0.65625 0.399902;
373, 9.689272 0.261719 0.681152;
374, 9.667347 0.244629 0.408691;
375, 7.425979 0.586426 0.284668;
376, 8.587727 0.200684 0.816895;
377, 8.606279 0. 0.830566;
378, 8.587734 0.074219 0.918945;
379, 2.503422 0.718262 0.660156;
380, 0.014107 0.964844 0.884766;
381, 0.02832 0.737793 0.333496;
382, 13.330559 0.089355 0.887207;
383, 10.536398 0.40332 0.048828;
384, 13.323098 0.002441 0.440918;
385, 10.529638 0.475098 0.23584;
386, 0.018966 0.734375 0.140137;
387, 12.593687 0.032227 0.476562;
388, 0.420402 0.86377 0.575684;
389, 10.258841 0.362793 0.570801;
390, 0.091435 0.936523 0.773438;
391, 0.029705 0.851562 0.360352;
392, 0.035283 0.89209 0.415527;
393, 20.01852 0.063965 0.516113;
394, 17.762018 0.360352 0.274414;
395, 0.027923 0.760742 0.408203;
396, 14.351514 0. 0.681641;
397, 3.285195 0.701172 0.740234;
398, 0.02379 0.969238 0.633789;
399, 49.69558 0.037109 0.958984;
400, 49.696678 0.179688 0.456543;
401, 0.527216 0.739258 0.276855;
