0, 0.159805 0.893555 0.971191;
1, 0.024221 0.913574 0.472168;
2, 0.021362 0.842285 0.630859;
3, 20.466827 0.251465 0.193359;
4, 20.462177 0.251953 0.912109;
5, 20.487959 0.071777 0.248047;
6, 8.89731 0.591797 0.029785;
7, 10.061108 0.258789 0.117188;
8, 10.060556 0.472168 0.970215;
9, 13.093468 0.063965 0.546875;
10, 2.333838 0.694336 0.48584;
11, 17.894001 0.276855 0.388184;
12, 15.783239 0.666504 0.873535;
13, 0.031547 0.851562 0.444336;
14, 15.763961 0.000488 0.696777;
15, 8.59928 0.583496 0.454102;
16, 11.177519 0.057617 0.621582;
17, 9.367438 0.395996 0.608887;
18, 9.745253 0.163574 0.37207;
19, 9.765659 0.056152 0.688477;
20, 8.617664 0.563477 0.211914;
21, 0.033388 0.768066 0.88623;
22, 13.580882 0.248535 0.598633;
23, 13.586781 0.349609 0.07666;
24, 13.583921 0.470215 0.73584;
25, 7.566062 0.635742 0.762695;
26, 7.597892 0.560059 0.951172;
27, 0.02569 0.743652 0.898438;
28, 6.734835 0.562988 0.381348;
29, 6.735373 0.519531 0.183594;
30, 6.702382 0.638672 0.086426;
31, 0.011851 0.973145 0.45166;
32, 0.930741 0.705566 0.693848;
33, 1.790084 0.672363 0.706543;
34, 0.024549 0.828613 0.645508;
35, 22.280956 0.425781 0.763184;
36, 22.277882 0.30127 0.769043;
37, 21.822065 0.641602 0.502441;
38, 20.759295 0.717773 0.856934;
39, 0.015941 0.896484 0.390625;
40, 7.316556 0.554199 0.201172;
41, 0.077582 0.864746 0.839355;
42, 9.508479 0.643555 0.89502;
43, 11.801611 0.133789 0.164551;
44, 10.774109 0.424316 0.645996;
45, 10.845264 0.284668 0.764648;
46, 9.523998 0.648438 0.770996;
47, 14.14523 0.082031 0.316895;
48, 0.312061 0.909668 0.447754;
49, 15.884184 0.187988 0.169434;
50, 0.10455 0.949707 0.378906;
51, 8.365438 0.47168 0.429688;
52, 0.050312 0.99707 0.67627;
53, 19.355522 0.253906 0.331055;
54, 19.427893 0.184082 0.227539;
55, 19.420647 0.153809 0.546875;
56, 19.429272 0.076172 0.653809;
57, 19.43408 0.146484 0.141602;
58, 19.357035 0.506348 0.743652;
59, 20.066698 0.125 0.630371;
60, 7.698144 0.668457 0.896484;
61, 8.363564 0.408691 0.354492;
62, 2.801848 0.70459 0.148438;
63, 0.023646 0.992188 0.013672;
64, 22.88689 0.115723 0.188477;
65, 22.167303 0.257812 0.215332;
66, 22.223799 0.005859 0.556641;
67, 22.237272 0.091797 0.00293;
68, 22.172903 0.285645 0.937988;
69, 22.156517 0.459961 0.581543;
70, 22.154453 0.431641 0.746582;
71, 22.360607 0.164062 0.328613;
72, 22.165634 0.306152 0.150879;
73, 22.497274 0.157715 0.544922;
74, 0.319036 0.746582 0.831055;
75, 10.899914 0.28125 0.713867;
76, 0.328001 0.740234 0.168945;
77, 0.033834 0.908203 0.808105;
78, 8.076156 0.452148 0.898926;
79, 8.133915 0.212402 0.135742;
80, 0.106574 0.774414 0.20752;
81, 9.437342 0.566895 0.806152;
82, 0.021013 0.97168 0.850586;
83, 7.20979 0.547852 0.750488;
84, 8.231632 0.146484 0.121094;
85, 7.420626 0.418457 0.039062;
86, 0.011021 0.787598 0.172363;
87, 16.693985 0.345215 0.408691;
88, 16.684353 0.391602 0.505859;
89, 15.374117 0.530762 0.344238;
90, 0.019239 0.901855 0.423828;
91, 19.983681 0.26123 0.593262;
92, 3.576301 0.685059 0.771484;
93, 8.360001 0.221191 0.325684;
94, 8.355066 0.095215 0.135742;
95, 8.352477 0.085938 0.352539;
96, 3.994244 0.602539 0.050781;
97, 6.13627 0.248047 0.758301;
98, 3.571025 0.69043 0.834473;
99, 9.985561 0.120117 0.555176;
100, 0.237087 0.86377 0.313965;
101, 7.47007 0.518066 0.007324;
102, 7.497006 0.365723 0.870117;
103, 7.513478 0.337891 0.29248;
104, 7.515021 0.270508 0.797852;
105, 0.113395 0.748535 0.576172;
106, 7.189944 0.601074 0.582031;
107, 0.006287 0.939453 0.710938;
108, 0.063711 0.927246 0.47168;
109, 7.084504 0.568848 0.863281;
110, 0.011885 0.908691 0.116211;
111, 7.274575 0.544434 0.754883;
112, 7.507363 0.236328 0.81543;
113, 0.120432 0.970215 0.297852;
114, 0.029917 0.786621 0.878906;
115, 8.605316 0.554688 0.384766;
116, 5.487219 0.702637 0.03418;
117, 15.257956 0.01709 0.189941;
118, 14.030717 0.300293 0.074707;
119, 14.0787 0.200684 0.450195;
120, 13.99782 0.335449 0.700195;
121, 14.000268 0.503418 0.975098;
122, 14.006793 0.23877 0.59082;
123, 13.997427 0.469238 0.063477;
124, 5.463322 0.724121 0.802734;
125, 0.018757 0.770996 0.235352;
126, 8.845998 0.549316 0.712891;
127, 9.017846 0.395508 0.65625;
128, 0.092833 0.746094 0.226074;
129, 12.566345 0.304199 0.451172;
130, 0.022508 0.757812 0.729492;
131, 0.063145 0.885742 0.000488;
132, 10.056273 0.416016 0.791016;
133, 0.048111 0.859863 0.439941;
134, 7.812666 0.472656 0.049316;
135, 0.062946 0.905273 0.564941;
136, 0.016339 0.868652 0.043457;
137, 0.018179 0.977051 0.361328;
138, 0.032523 0.95166 0.391113;
139, 4.607457 0.662109 0.740723;
140, 0.019449 0.757812 0.290527;
141, 0.023674 0.744141 0.525879;
142, 14.262258 0.10498 0.11084;
143, 6.782943 0.647461 0.482422;
144, 8.662773 0.24707 0.944824;
145, 8.674774 0.336914 0.415039;
146, 6.904029 0.555176 0.321777;
147, 6.788826 0.683105 0.288086;
148, 10.32691 0.180664 0.85498;
149, 10.358019 0.044922 0.861328;
150, 10.374187 0.100586 0.855469;
151, 10.373834 0.112793 0.484863;
152, 10.133007 0.33252 0.153809;
153, 10.141335 0.51709 0.513672;
154, 10.159374 0.271973 0.302246;
155, 1.636003 0.700684 0.893555;
156, 15.478014 0.055664 0.242676;
157, 14.286893 0.359863 0.705566;
158, 0.106151 0.896484 0.773438;
159, 0.573023 0.716309 0.574219;
160, 0.012521 0.929688 0.436523;
161, 49.514587 0.181152 0.999023;
162, 49.498016 0.336426 0.992676;
163, 49.499332 0.241211 0.140625;
164, 49.495003 0.353516 0.335449;
165, 49.594818 0.158203 0.668945;
166, 0.146828 0.927246 0.07959;
167, 7.506653 0.529785 0.721191;
168, 7.593561 0.207031 0.046875;
169, 0.097935 0.930664 0.00293;
170, 0.050087 0.88623 0.56543;
171, 48.787006 0.058594 0.96582;
172, 48.4105 0.307129 0.625;
173, 8.443587 0.565918 0.30957;
174, 8.831609 0.386719 0.100098;
175, 10.741218 0.071289 0.50293;
176, 0.220907 0.832031 0.397949;
177, 0.042015 0.741699 0.297852;
178, 0.082022 0.725098 0.361816;
179, 0.094579 0.687988 0.137695;
180, 5.096419 0.473633 0.260254;
181, 4.588516 0.674805 0.746094;
182, 0.019264 0.782715 0.699219;
183, 10.078357 0.411133 0.452148;
184, 10.077857 0.250977 0.869629;
185, 10.080065 0.497559 0.81543;
186, 12.434831 0.103027 0.166992;
187, 10.089561 0.490723 0.202637;
188, 9.120465 0.672363 0.60498;
189, 11.199254 0.1875 0.150879;
190, 0.033432 0.760254 0.356445;
191, 14.97057 0.102051 0.912598;
192, 3.355031 0.705078 0.681152;
193, 0.007768 0.834473 0.6875;
194, 51.806587 0.288574 0.971191;
195, 40.239285 0.435059 0.205566;
196, 40.238575 0.22998 0.960938;
197, 40.240555 0.159668 0.035645;
198, 40.240341 0.112793 0.719238;
199, 40.239769 0.097168 0.208008;
200, 40.236988 0.064941 0.255371;
201, 40.241112 0.21875 0.972168;
202, 0.041415 0.958008 0.17041;
203, 16.190023 0.188965 0.237305;
204, 16.091141 0.286621 0.554688;
205, 0.083848 0.973633 0.830078;
206, 0.028506 0.790527 0.431641;
207, 0.010381 0.881348 0.004883;
208, 19.140339 0.03418 0.049316;
209, 18.151962 0.407227 0.912109;
210, 18.163202 0.221191 0.579102;
211, 18.168505 0.036133 0.919434;
212, 18.155323 0.47168 0.800781;
213, 18.150513 0.360352 0.291992;
214, 7.849997 0.661133 0.05957;
215, 0.020417 0.807617 0.524902;
216, 20.344765 0.11084 0.03418;
217, 14.918339 0.595703 0.35498;
218, 0.05305 0.952637 0.192383;
219, 7.969472 0.515137 0.291992;
220, 2.90896 0.711426 0.960938;
221, 9.703486 0.338867 0.205566;
222, 7.52334 0.609863 0.07666;
223, 7.206853 0.620117 0.256348;
224, 8.61414 0.219238 0.864258;
225, 8.632683 0.11377 0.945801;
226, 8.639071 0.352051 0.901367;
227, 8.619131 0.279297 0.339844;
228, 7.203979 0.591797 0.926758;
229, 2.909477 0.693848 0.098145;
230, 0.021795 0.987305 0.26416;
231, 7.011826 0.594238 0.051758;
232, 8.417883 0.3125 0.856445;
233, 0.075058 0.965332 0.871582;
234, 48.744453 0.160156 0.88916;
235, 14.266669 0.510254 0.550781;
236, 15.493917 0.074219 0.854492;
237, 15.487616 0.114258 0.621094;
238, 14.276527 0.467773 0.303223;
239, 14.255212 0.486816 0.824707;
240, 14.257994 0.504395 0.079102;
241, 14.998869 0.141602 0.416992;
242, 14.273108 0.36377 0.938477;
243, 3.381741 0.689453 0.270508;
244, 0.054038 0.891113 0.959473;
245, 9.812099 0.364746 0.104004;
246, 12.402148 0.004395 0.307617;
247, 0.128016 0.795898 0.647949;
248, 0.030155 0.880371 0.92041;
249, 7.453718 0.483398 0.586426;
250, 7.500476 0.25 0.967773;
251, 7.59813 0.054688 0.403809;
252, 7.547687 0.024902 0.969238;
253, 7.156029 0.621094 0.946289;
254, 10.289235 0.045898 0.526367;
255, 7.241929 0.671875 0.009277;
256, 0.033477 0.859375 0.421387;
257, 0.073849 0.727539 0.173828;
258, 13.310416 0.62207 0.780762;
259, 0.049357 0.785645 0.539551;
260, 17.181311 0.620117 0.006836;
261, 6.848505 0.691406 0.395508;
262, 7.412667 0.495117 0.329102;
263, 9.529472 0.06543 0.151855;
264, 9.524615 0.111328 0.568848;
265, 0.065937 0.752441 0.481934;
266, 12.602767 0.319824 0.850586;
267, 0.091551 0.826172 0.57666;
268, 21.815269 0.291992 0.245117;
269, 22.348749 0.025879 0.907715;
270, 18.888338 0.684082 0.706543;
271, 20.847042 0.04834 0.938477;
272, 19.970871 0.238281 0.381348;
273, 19.972555 0.034668 0.498047;
274, 0.258274 0.941406 0.355469;
275, 13.758244 0.309082 0.875977;
276, 14.573089 0.140625 0.967285;
277, 13.763673 0.467773 0.422363;
278, 2.760378 0.695312 0.241699;
279, 0.025534 0.775391 0.449219;
280, 8.678257 0.556641 0.633789;
281, 9.606759 0.14209 0.759766;
282, 9.59084 0.133301 0.247559;
283, 8.8608 0.467285 0.17041;
284, 8.890754 0.385742 0.867188;
285, 0.030671 0.822266 0.768066;
286, 18.960503 0.121094 0.432129;
287, 18.955315 0.054199 0.104004;
288, 18.961134 0.114746 0.465332;
289, 0.068625 0.812988 0.556152;
290, 22.725985 0.266602 0.300293;
291, 17.458723 0.579102 0.882812;
292, 15.481402 0.694824 0.834473;
293, 0.947731 0.734375 0.803711;
294, 0.057647 0.830078 0.353516;
295, 16.364693 0.0625 0.923828;
296, 16.374609 0.055176 0.197754;
297, 15.210233 0.368652 0.85498;
298, 15.201404 0.291992 0.38623;
299, 15.194727 0.233887 0.180664;
300, 15.19417 0.453125 0.760742;
301, 15.244856 0.210449 0.75293;
302, 15.203868 0.490234 0.617188;
303, 0.072242 0.924805 0.498047;
304, 49.449463 0.168457 0.935547;
305, 49.452217 0.184082 0.177734;
306, 2.489026 0.705078 0.792969;
307, 11.21552 0.228516 0.55127;
308, 7.338555 0.538086 0.183594;
309, 0.032099 0.834961 0.805664;
310, 0.022333 0.995605 0.056641;
311, 9.2369 0.452637 0.037598;
312, 11.008643 0.033691 0.81543;
313, 9.207457 0.352539 0.230469;
314, 0.049337 0.922852 0.370117;
315, 13.069155 0.018555 0.118164;
316, 11.380268 0.560547 0.750488;
317, 12.126681 0.163086 0.452148;
318, 0.0986 0.844238 0.008301;
319, 9.154163 0.41748 0.566406;
320, 9.137247 0.377441 0.52002;
321, 8.821473 0.586426 0.289551;
322, 9.677706 0.34668 0.850586;
323, 0.062621 0.900879 0.740234;
324, 2.672511 0.677246 0.323242;
325, 0.024143 0.874023 0.764648;
326, 9.095745 0.411133 0.37793;
327, 11.522982 0.097168 0.958008;
328, 9.127118 0.498047 0.30127;
329, 7.239733 0.68457 0.70166;
330, 2.402784 0.694336 0.400391;
331, 6.545805 0.611328 0.635742;
332, 7.913613 0.30127 0.581055;
333, 7.912049 0.245605 0.630859;
334, 6.502831 0.669434 0.694824;
335, 0.026049 0.981445 0.035645;
336, 11.009231 0.219727 0.187012;
337, 3.408547 0.694336 0.376953;
338, 4.328032 0.666504 0.869629;
339, 9.815942 0.015137 0.416992;
340, 7.709039 0.48877 0.6875;
341, 4.329329 0.632324 0.254395;
342, 0.007419 0.856934 0.638672;
343, 19.755123 0.611328 0.875;
344, 19.763271 0.531738 0.104492;
345, 19.806644 0.280762 0.500488;
346, 0.033888 0.83252 0.567871;
347, 9.146046 0.393555 0.822266;
348, 7.126605 0.683594 0.697266;
349, 3.059678 0.688477 0.633301;
350, 8.615813 0.344727 0.270996;
351, 0.051198 0.751465 0.490723;
352, 14.263865 0.299316 0.055664;
353, 14.359951 0.190918 0.740234;
354, 0.106887 0.780273 0.433105;
355, 10.147556 0.599121 0.40918;
356, 12.679674 0.086914 0.446777;
357, 11.028564 0.416504 0.276855;
358, 7.749846 0.715332 0.990234;
359, 13.945573 0.117188 0.306641;
360, 10.404053 0.555664 0.881348;
361, 0.017183 0.811035 0.022461;
362, 0.050269 0.895996 0.572754;
363, 0.009586 0.786621 0.299805;
364, 3.501168 0.674805 0.305176;
365, 0.028503 0.993164 0.331543;
366, 8.79328 0.646484 0.697266;
367, 10.252323 0.278809 0.143555;
368, 6.172505 0.727539 0.962402;
369, 13.949643 0.009277 0.566406;
370, 12.580629 0.273926 0.844727;
371, 12.800429 0.125488 0.814453;
372, 0.140128 0.969238 0.161133;
373, 22.421497 0.154297 0.381348;
374, 22.151457 0.40625 0.67041;
375, 11.780132 0.527344 0.978027;
376, 7.935467 0.615723 0.777344;
377, 8.163789 0.425293 0.103027;
378, 8.146117 0.390137 0.265137;
379, 8.163943 0.294434 0.085938;
380, 7.91861 0.56543 0.614258;
381, 8.298023 0.360352 0.722656;
382, 8.913934 0.170898 0.533203;
383, 7.930331 0.5625 0.631348;
384, 8.390782 0.208008 0.121582;
385, 0.11804 0.913574 0.216309;
386, 2.306376 0.688477 0.615723;
387, 8.642102 0.169434 0.717285;
388, 0.093552 0.785156 0.79541;
389, 0.00676 0.833984 0.742188;
390, 0.022662 0.738281 0.580078;
391, 0.034558 0.797363 0.796387;
392, 13.806642 0.17334 0.883789;
393, 13.805134 0.187988 0.475586;
394, 13.685822 0.362305 0.901855;
395, 13.77997 0.191406 0.376953;
396, 8.075052 0.725098 0.184082;
397, 11.747546 0.384277 0.801758;
398, 10.839275 0.555664 0.501465;
399, 0.029224 0.977539 0.394043;
400, 0.012018 0.768555 0.199707;
401, 12.674427 0.297363 0.978027;
