0, 0.04349 0.850586 0.732422;
1, 16.440874 0.097656 0.873047;
2, 0.19552 0.9375 0.178223;
3, 0.031707 0.76123 0.157227;
4, 4.447349 0.662598 0.969238;
5, 4.706683 0.468262 0.666016;
6, 9.782483 0.104492 0.449707;
7, 4.715595 0.390137 0.806152;
8, 0.074605 0.936035 0.928223;
9, 7.096868 0.544922 0.51709;
10, 0.044401 0.828125 0.765625;
11, 24.637459 0.122559 0.611816;
12, 24.631979 0.018555 0.398926;
13, 24.299723 0.325684 0.440918;
14, 24.301062 0.291016 0.865723;
15, 0.08785 0.908691 0.637695;
16, 13.338182 0.259277 0.69873;
17, 7.312435 0.670898 0.299805;
18, 7.338147 0.568848 0.879883;
19, 0.006655 0.889648 0.37793;
20, 17.511374 0.11377 0.1875;
21, 0.08963 0.957031 0.822754;
22, 7.938684 0.475098 0.461426;
23, 4.084962 0.688965 0.217285;
24, 6.656145 0.382812 0.928711;
25, 0.046767 0.775879 0.965332;
26, 0.028351 0.904297 0.647949;
27, 0.026197 0.983887 0.289062;
28, 0.031078 0.793457 0.906738;
29, 4.117387 0.666016 0.46875;
30, 4.120905 0.60791 0.613281;
31, 4.095966 0.536621 0.60791;
32, 4.318748 0.387695 0.301758;
33, 4.331944 0.340332 0.799316;
34, 0.028107 0.983887 0.90625;
35, 0.026183 0.92627 0.559082;
36, 22.884415 0.138184 0.25;
37, 22.386349 0.329102 0.058105;
38, 0.062558 0.846191 0.033203;
39, 7.044389 0.588867 0.843262;
40, 7.975053 0.199219 0.310547;
41, 7.924519 0.191406 0.62207;
42, 7.005933 0.61084 0.42041;
43, 7.027057 0.620605 0.474609;
44, 0.017374 0.939941 0.001465;
45, 6.931822 0.591797 0.355469;
46, 6.932997 0.651855 0.819824;
47, 8.613817 0.331543 0.815918;
48, 0.131379 0.854004 0.557617;
49, 8.658823 0.447754 0.521484;
50, 9.640978 0.132812 0.357422;
51, 8.639625 0.300293 0.329102;
52, 9.66459 0.052246 0.917969;
53, 0.09909 0.802246 0.802734;
54, 14.263312 0.209961 0.687012;
55, 0.068464 0.80957 0.112305;
56, 6.967174 0.576172 0.161621;
57, 9.912482 0.059082 0.159668;
58, 9.927827 0.14209 0.10498;
59, 9.881835 0.120117 0.773438;
60, 0.144883 0.960938 0.263672;
61, 17.978973 0.28418 0.46875;
62, 18.29048 0.107422 0.516113;
63, 17.978344 0.462891 0.024414;
64, 17.971235 0.435059 0.07373;
65, 18.954424 0.005371 0.231445;
66, 0.095413 0.800293 0.781738;
67, 1.216748 0.694824 0.593262;
68, 14.454462 0.569824 0.262207;
69, 0.014917 0.908691 0.208984;
70, 10.326261 0.371582 0.317871;
71, 9.588541 0.531738 0.434082;
72, 11.367622 0.020508 0.87207;
73, 11.380107 0.208984 0.047852;
74, 0.160794 0.919434 0.691895;
75, 14.388965 0.282715 0.860352;
76, 14.684889 0.067383 0.380859;
77, 0.106167 0.767578 0.523438;
78, 0.015592 0.818848 0.999512;
79, 11.334447 0.481445 0.427246;
80, 11.412454 0.205078 0.05957;
81, 11.434151 0.190918 0.381836;
82, 11.347133 0.391113 0.109863;
83, 11.338483 0.503906 0.919434;
84, 11.327757 0.270508 0.447754;
85, 11.340379 0.414062 0.499023;
86, 0.139911 0.863281 0.910645;
87, 7.388424 0.506348 0.234375;
88, 9.51681 0.000488 0.169922;
89, 7.364671 0.414062 0.783203;
90, 7.086453 0.671875 0.402344;
91, 8.310893 0.39502 0.619629;
92, 0.068274 0.863281 0.134766;
93, 19.467739 0.318848 0.782715;
94, 19.47617 0.4375 0.404297;
95, 19.786123 0.15918 0.795898;
96, 0.181072 0.856445 0.70459;
97, 16.364628 0.084473 0.404297;
98, 16.370102 0.176758 0.52832;
99, 0.118764 0.914551 0.037598;
100, 18.208345 0.282227 0.616211;
101, 0.055356 0.825684 0.12793;
102, 15.166276 0.085449 0.404297;
103, 2.335811 0.72168 0.532715;
104, 4.874519 0.65918 0.857422;
105, 7.409416 0.215332 0.381348;
106, 0.274287 0.870117 0.900879;
107, 1.053386 0.693848 0.397949;
108, 10.600955 0.32666 0.753418;
109, 10.623893 0.490723 0.09375;
110, 0.010842 0.954102 0.67041;
111, 0.050035 0.878906 0.492676;
112, 17.234385 0.032715 0.231445;
113, 0.211834 0.844727 0.069336;
114, 14.237654 0.250488 0.584961;
115, 14.228689 0.34668 0.512207;
116, 14.210694 0.245117 0.354492;
117, 8.969532 0.541016 0.678711;
118, 8.952515 0.520996 0.587402;
119, 8.938885 0.467773 0.243652;
120, 12.311049 0.002441 0.27832;
121, 12.327315 0.144043 0.878418;
122, 12.347265 0.163086 0.848633;
123, 8.956032 0.242676 0.369629;
124, 0.069338 0.78125 0.573242;
125, 1.434596 0.699707 0.776367;
126, 15.184429 0.195312 0.349121;
127, 0.082716 0.790039 0.471191;
128, 12.48481 0.394531 0.944824;
129, 12.482268 0.472656 0.408691;
130, 13.59991 0.125488 0.885742;
131, 13.595618 0.120117 0.961914;
132, 0.158399 0.944336 0.910156;
133, 21.678127 0.590332 0.121094;
134, 21.674974 0.608398 0.789551;
135, 21.669519 0.579102 0.45752;
136, 21.934652 0.308594 0.533691;
137, 21.676224 0.64209 0.702148;
138, 0.044193 0.84668 0.650879;
139, 18.337389 0.591797 0.851562;
140, 0.006887 0.864746 0.422852;
141, 0.027519 0.782227 0.389648;
142, 10.993578 0.468262 0.187012;
143, 12.550895 0.028809 0.277344;
144, 11.012536 0.258301 0.291992;
145, 11.011698 0.473145 0.80957;
146, 11.392961 0.166992 0.385254;
147, 0.24312 0.905762 0.125;
148, 0.04198 0.744141 0.893066;
149, 6.237091 0.64209 0.35791;
150, 10.523546 0.012695 0.490234;
151, 6.200626 0.641113 0.551758;
152, 6.333439 0.500488 0.98584;
153, 8.785892 0.131836 0.736328;
154, 0.170031 0.852051 0.550781;
155, 0.282823 0.720215 0.196289;
156, 0.040458 0.884277 0.79248;
157, 0.808669 0.705078 0.251953;
158, 6.592843 0.605957 0.062988;
159, 6.619888 0.649902 0.477051;
160, 6.640592 0.557617 0.109863;
161, 8.090544 0.134766 0.379883;
162, 8.162765 0.176758 0.645996;
163, 6.644386 0.62207 0.038086;
164, 0.791686 0.701172 0.190918;
165, 0.005897 0.775879 0.069336;
166, 15.671093 0.309082 0.600098;
167, 15.680537 0.276855 0.522949;
168, 16.121859 0.122559 0.728516;
169, 11.432277 0.629883 0.860352;
170, 0.081916 0.871094 0.681641;
171, 14.784126 0.040527 0.057617;
172, 0.437147 0.876953 0.675293;
173, 0.342213 0.719238 0.555176;
174, 0.851029 0.684082 0.847168;
175, 7.021678 0.157227 0.783203;
176, 6.433156 0.496582 0.637207;
177, 6.43956 0.271973 0.035645;
178, 0.0458 0.740234 0.508789;
179, 11.867054 0.174316 0.44873;
180, 11.686615 0.486328 0.696777;
181, 0.119025 0.869141 0.829102;
182, 48.344654 0.060547 0.991211;
183, 7.090929 0.663086 0.926758;
184, 0.062215 0.82959 0.675781;
185, 0.023532 0.736328 0.165039;
186, 11.422437 0.181641 0.203125;
187, 7.478456 0.601562 0.935059;
188, 7.477041 0.47998 0.043945;
189, 7.459128 0.597168 0.205566;
190, 10.615883 0.038086 0.676758;
191, 6.654477 0.679688 0.498047;
192, 9.875249 0.188965 0.747559;
193, 9.631782 0.335938 0.941406;
194, 0.180663 0.872559 0.834961;
195, 7.016162 0.570312 0.690918;
196, 6.982088 0.625 0.611816;
197, 8.63736 0.270996 0.232422;
198, 6.997309 0.536621 0.537109;
199, 7.097034 0.320312 0.300293;
200, 0.105481 0.811035 0.257812;
201, 0.015233 0.962891 0.769043;
202, 15.848903 0.317383 0.109863;
203, 15.850284 0.42334 0.140137;
204, 16.946419 0.01416 0.86084;
205, 16.963711 0.206543 0.784668;
206, 16.959284 0.192871 0.939453;
207, 15.851062 0.439941 0.152832;
208, 15.852213 0.448242 0.114258;
209, 0.08226 0.925293 0.941406;
210, 0.017998 0.791016 0.791016;
211, 0.006724 0.827637 0.966797;
212, 37.321899 0.325195 0.965332;
213, 0.133484 0.875977 0.227051;
214, 7.036019 0.661133 0.614746;
215, 8.753987 0.371094 0.061035;
216, 8.749991 0.446289 0.06543;
217, 8.80112 0.366211 0.041504;
218, 8.971147 0.183594 0.571777;
219, 0.06879 0.814453 0.905273;
220, 13.607243 0.359863 0.699219;
221, 12.733263 0.612305 0.920898;
222, 13.421705 0.258789 0.585449;
223, 10.182251 0.719727 0.969238;
224, 0.033601 0.784668 0.281738;
225, 0.009469 0.953613 0.839844;
226, 0.003695 0.855957 0.495117;
227, 9.498542 0.367188 0.868652;
228, 9.509982 0.393066 0.121094;
229, 9.523451 0.331543 0.366211;
230, 0.011383 0.98877 0.968262;
231, 0.038938 0.953125 0.279785;
232, 17.463697 0.131348 0.118652;
233, 0.107008 0.753906 0.489746;
234, 7.403124 0.536133 0.549316;
235, 7.501603 0.428711 0.044434;
236, 7.497844 0.41748 0.605957;
237, 7.390979 0.538086 0.835938;
238, 0.021533 0.968262 0.556641;
239, 0.033598 0.759277 0.432617;
240, 8.829422 0.400879 0.649414;
241, 8.84802 0.461426 0.357422;
242, 8.853501 0.394531 0.374023;
243, 8.846822 0.36377 0.905273;
244, 8.812681 0.515625 0.724121;
245, 8.841225 0.411621 0.119141;
246, 0.03657 0.991211 0.112305;
247, 0.010319 0.835938 0.587891;
248, 0.017702 0.781738 0.135742;
249, 0.020147 0.760742 0.979004;
250, 7.074526 0.540527 0.660645;
251, 9.388209 0.050781 0.417969;
252, 7.183057 0.257324 0.575195;
253, 0.036907 0.997559 0.229004;
254, 21.65686 0.219727 0.241211;
255, 0.180975 0.861816 0.131348;
256, 0.048893 0.819336 0.416504;
257, 12.11685 0.217773 0.766113;
258, 12.138555 0.115234 0.445312;
259, 0.117311 0.797852 0.758301;
260, 48.826485 0.121582 0.946289;
261, 13.974215 0.466797 0.562988;
262, 14.029866 0.211426 0.682129;
263, 13.987014 0.391602 0.027344;
264, 15.750001 0.100098 0.793457;
265, 15.735359 0.093262 0.879883;
266, 15.727556 0.034668 0.62793;
267, 0.291687 0.925293 0.732422;
268, 0.004916 0.997559 0.535156;
269, 21.666998 0.084473 0.317871;
270, 19.643175 0.370605 0.958496;
271, 20.868877 0.104004 0.642578;
272, 20.875887 0.134766 0.380371;
273, 7.790419 0.667969 0.904297;
274, 0.026182 0.871582 0.95459;
275, 0.032068 0.992188 0.888184;
276, 17.130651 0.191895 0.630859;
277, 0.243802 0.862305 0.780762;
278, 18.287039 0.15918 0.114746;
279, 18.294052 0.063965 0.096191;
280, 17.90106 0.322266 0.681152;
281, 17.894058 0.282715 0.22998;
282, 17.886238 0.407715 0.359375;
283, 8.808282 0.558594 0.395996;
284, 10.965553 0.051758 0.290039;
285, 9.133006 0.345215 0.635254;
286, 0.031266 0.913574 0.397461;
287, 0.013469 0.760742 0.640625;
288, 0.019159 0.841797 0.29541;
289, 11.881233 0.089355 0.158691;
290, 7.267832 0.678223 0.480469;
291, 7.266857 0.573242 0.435547;
292, 7.594076 0.418457 0.658691;
293, 0.006375 0.959961 0.432129;
294, 16.687311 0.255859 0.130859;
295, 16.667912 0.419434 0.855469;
296, 8.241175 0.623047 0.373535;
297, 11.459991 0.051758 0.941895;
298, 0.138095 0.830566 0.354492;
299, 15.73724 0.337402 0.338867;
300, 15.737879 0.492676 0.210449;
301, 0.01991 0.86084 0.185059;
302, 0.032645 0.786621 0.385254;
303, 0.039846 0.963379 0.081055;
304, 0.033222 0.772461 0.424316;
305, 14.604428 0.111328 0.464844;
306, 13.078524 0.464844 0.876465;
307, 8.66305 0.645508 0.999512;
308, 47.511738 0.214844 0.957031;
309, 0.076162 0.954102 0.748047;
310, 10.284706 0.644043 0.216309;
311, 6.927677 0.730957 0.798828;
312, 0.021958 0.810059 0.409668;
313, 17.619602 0.370117 0.291504;
314, 18.169487 0.131836 0.196289;
315, 17.629232 0.290527 0.401367;
316, 16.627357 0.658691 0.939453;
317, 16.620279 0.657227 0.577148;
318, 17.590874 0.289062 0.902832;
319, 0.036508 0.819824 0.38623;
320, 22.184469 0.609863 0.368652;
321, 0.090081 0.860352 0.767578;
322, 0.016724 0.839844 0.745605;
323, 9.929911 0.388672 0.335449;
324, 11.621773 0.038574 0.15918;
325, 9.890645 0.428711 0.671387;
326, 11.768958 0.087402 0.675293;
327, 0.024264 0.984375 0.009766;
328, 13.358695 0.358398 0.983398;
329, 0.012944 0.858887 0.272949;
330, 18.558493 0.205078 0.533203;
331, 9.300768 0.609375 0.763672;
332, 7.324699 0.664551 0.030762;
333, 7.328189 0.675293 0.235352;
334, 7.309501 0.624023 0.013184;
335, 9.358312 0.216309 0.212891;
336, 0.1796 0.859375 0.738281;
337, 14.835422 0.605469 0.125488;
338, 14.880168 0.466309 0.145508;
339, 0.042298 0.958496 0.660645;
340, 13.673726 0.223633 0.736816;
341, 13.662953 0.183105 0.345215;
342, 0.163313 0.901367 0.674805;
343, 9.128787 0.388184 0.507812;
344, 2.441638 0.731934 0.694824;
345, 12.053728 0.325195 0.677734;
346, 2.592331 0.688477 0.143066;
347, 11.484947 0.072754 0.516602;
348, 0.497565 0.737305 0.353027;
349, 14.488914 0.082031 0.38623;
350, 0.131624 0.802246 0.198242;
351, 17.441883 0.460938 0.451172;
352, 17.439146 0.328125 0.237305;
353, 17.384314 0.59082 0.517578;
354, 17.086853 0.654785 0.024414;
355, 0.014258 0.989746 0.019531;
356, 7.450593 0.536133 0.845703;
357, 7.557401 0.320801 0.650391;
358, 8.797382 0.14209 0.17627;
359, 7.336581 0.648438 0.905273;
360, 10.791918 0.005859 0.108887;
361, 8.940493 0.451172 0.956055;
362, 7.327911 0.664551 0.019043;
363, 12.831172 0.106934 0.998047;
364, 0.072266 0.79834 0.035156;
365, 0.028174 0.756348 0.525391;
366, 13.361228 0.303223 0.451172;
367, 7.238483 0.664062 0.28125;
368, 0.105023 0.738281 0.344727;
369, 10.720365 0.308105 0.504883;
370, 0.114471 0.738281 0.932129;
371, 9.739844 0.336914 0.422363;
372, 9.739869 0.266602 0.29541;
373, 9.950203 0.112793 0.669922;
374, 1.023799 0.690918 0.872559;
375, 7.689192 0.185547 0.643555;
376, 7.685237 0.12793 0.123047;
377, 7.542025 0.245117 0.788086;
378, 1.966441 0.606934 0.209961;
379, 9.547621 0.092773 0.925781;
380, 1.977857 0.551758 0.785645;
381, 2.306005 0.463867 0.66748;
382, 2.30367 0.439941 0.861328;
383, 2.308912 0.487305 0.45752;
384, 1.035746 0.677734 0.07373;
385, 1.053728 0.603516 0.175781;
386, 7.846092 0.116211 0.968262;
387, 0.143372 0.834473 0.885254;
388, 18.109724 0.347168 0.185059;
389, 16.902676 0.675293 0.085938;
390, 0.029327 0.754883 0.210938;
391, 14.466715 0.346191 0.17041;
392, 14.486186 0.270996 0.794434;
393, 14.693368 0.029785 0.912109;
394, 14.476838 0.397461 0.327148;
395, 14.464284 0.333984 0.131836;
396, 15.108523 0.148438 0.835449;
397, 8.405372 0.523438 0.964844;
398, 8.398569 0.506348 0.090332;
399, 13.74031 0.01416 0.705078;
400, 0.178687 0.786133 0.663574;
401, 9.866407 0.443848 0.959473;
