0, 7.861604 0.263672 0.09082;
1, 0.216169 0.852539 0.966309;
2, 0.02072 0.872559 0.333008;
3, 7.454619 0.51416 0.566406;
4, 7.427418 0.503906 0.850586;
5, 7.567934 0.205566 0.654785;
6, 7.487625 0.23877 0.798828;
7, 7.265765 0.655762 0.798828;
8, 7.269506 0.661133 0.459961;
9, 0.040417 0.979004 0.607422;
10, 10.244788 0.255859 0.047852;
11, 10.242126 0.418457 0.927734;
12, 0.008582 0.76123 0.518555;
13, 0.030364 0.955078 0.040039;
14, 7.159469 0.574219 0.800293;
15, 0.008078 0.88916 0.404785;
16, 9.553603 0.430176 0.148438;
17, 0.034942 0.757324 0.063477;
18, 14.934084 0.27832 0.625;
19, 14.940643 0.389648 0.522461;
20, 7.798945 0.633789 0.013672;
21, 9.896681 0.202148 0.794434;
22, 9.889033 0.032715 0.615723;
23, 9.902884 0.169922 0.972168;
24, 0.026411 0.994141 0.654785;
25, 0.018797 0.881836 0.510742;
26, 6.209831 0.659668 0.859375;
27, 7.782515 0.387695 0.286621;
28, 6.251929 0.647461 0.270996;
29, 6.384797 0.474609 0.833496;
30, 8.787486 0.038574 0.10791;
31, 6.38977 0.25 0.284668;
32, 0.007893 0.956055 0.821777;
33, 0.344038 0.72168 0.361816;
34, 0.016355 0.793457 0.353027;
35, 21.514328 0.048828 0.126465;
36, 21.517426 0.043945 0.46875;
37, 0.294714 0.973633 0.160156;
38, 16.211649 0.097656 0.086914;
39, 13.686555 0.572754 0.526367;
40, 14.367906 0.158691 0.344238;
41, 0.202671 0.970215 0.260742;
42, 0.039187 0.995605 0.122559;
43, 14.274106 0.354004 0.902832;
44, 14.438235 0.191406 0.709473;
45, 2.948148 0.710449 0.387695;
46, 8.546196 0.641602 0.873535;
47, 11.764787 0.081055 0.157715;
48, 10.057062 0.446289 0.29834;
49, 11.746029 0.028809 0.90918;
50, 10.09854 0.458008 0.160156;
51, 0.023175 0.913574 0.483398;
52, 9.720092 0.494141 0.958496;
53, 7.557833 0.483887 0.549316;
54, 2.585907 0.709473 0.112305;
55, 7.026517 0.579102 0.491699;
56, 7.852837 0.248047 0.361816;
57, 0.041879 0.806152 0.243164;
58, 23.688845 0.310547 0.519531;
59, 23.70706 0.208984 0.570312;
60, 0.100459 0.833496 0.840332;
61, 16.249737 0.584473 0.82959;
62, 16.241777 0.550781 0.310059;
63, 16.605339 0.168945 0.26123;
64, 16.600639 0.226074 0.109863;
65, 0.063988 0.833008 0.914551;
66, 4.998479 0.659668 0.227051;
67, 0.033013 0.996582 0.791504;
68, 0.038802 0.781738 0.457031;
69, 15.365799 0.300293 0.598633;
70, 15.360274 0.509766 0.076172;
71, 15.367019 0.387207 0.178223;
72, 15.370166 0.353516 0.686035;
73, 15.373156 0.36084 0.263184;
74, 0.043439 0.968262 0.470215;
75, 4.834862 0.665527 0.253418;
76, 6.000104 0.415039 0.685547;
77, 5.987944 0.263184 0.366211;
78, 0.054527 0.963867 0.383789;
79, 0.021511 0.994629 0.430664;
80, 5.193274 0.662109 0.289062;
81, 9.712751 0.149902 0.952148;
82, 9.189363 0.297852 0.232422;
83, 0.011695 0.824707 0.480957;
84, 0.014101 0.751953 0.692871;
85, 13.019519 0.316406 0.42334;
86, 7.756509 0.606934 0.855957;
87, 8.916722 0.249023 0.398438;
88, 2.703278 0.704102 0.51416;
89, 12.830244 0.124512 0.749023;
90, 11.351366 0.389648 0.816895;
91, 11.525385 0.185059 0.491699;
92, 11.521715 0.197754 0.144043;
93, 0.12882 0.849121 0.524414;
94, 8.235069 0.650391 0.982422;
95, 0.005181 0.987305 0.44043;
96, 7.934463 0.490723 0.196289;
97, 7.881398 0.293945 0.267578;
98, 0.051319 0.902832 0.090332;
99, 7.174626 0.568848 0.037598;
100, 7.19937 0.503418 0.030762;
101, 7.122923 0.391113 0.926758;
102, 0.100858 0.861816 0.575195;
103, 0.034768 0.831543 0.822266;
104, 0.022998 0.842773 0.626465;
105, 8.697179 0.416992 0.838867;
106, 10.564531 0.011719 0.192383;
107, 10.555442 0.121582 0.004395;
108, 10.558188 0.203125 0.368652;
109, 8.700358 0.362793 0.643066;
110, 7.130209 0.672852 0.180664;
111, 10.020156 0.201172 0.666992;
112, 9.890265 0.493164 0.486328;
113, 10.676723 0.154297 0.491699;
114, 7.326944 0.579102 0.476562;
115, 0.016217 0.802734 0.04541;
116, 22.198336 0.46582 0.746582;
117, 22.201574 0.280762 0.794922;
118, 22.204367 0.51709 0.479492;
119, 0.02755 0.776855 0.103516;
120, 15.469976 0.089355 0.916504;
121, 0.126049 0.815918 0.514648;
122, 24.735901 0.094727 0.050781;
123, 17.682842 0.633301 0.757324;
124, 16.328482 0.694336 0.853516;
125, 20.808722 0.373047 0.494629;
126, 22.833546 0.085449 0.048828;
127, 0.10811 0.77832 0.205078;
128, 13.275039 0.334961 0.94043;
129, 14.679268 0.02002 0.45752;
130, 14.669778 0.203613 0.231934;
131, 13.265929 0.264648 0.48291;
132, 13.278308 0.496094 0.003418;
133, 0.023223 0.858887 0.291016;
134, 7.239823 0.540527 0.938477;
135, 7.22161 0.588379 0.679688;
136, 7.24671 0.535645 0.751465;
137, 7.276484 0.482422 0.37207;
138, 7.276035 0.228027 0.043945;
139, 7.294633 0.380859 0.106445;
140, 7.2712 0.374023 0.078613;
141, 7.248364 0.335938 0.104004;
142, 0.180076 0.901855 0.97998;
143, 36.380001 0.233398 0.950195;
144, 2.318429 0.69873 0.259277;
145, 11.532325 0.15625 0.657227;
146, 0.057444 0.766602 0.200195;
147, 0.025582 0.753418 0.895996;
148, 6.946391 0.581543 0.493164;
149, 0.00794 0.945312 0.953613;
150, 0.032119 0.90332 0.461914;
151, 0.02967 0.807617 0.025879;
152, 0.427176 0.724121 0.490234;
153, 0.010133 0.838379 0.32666;
154, 22.598114 0.229004 0.247559;
155, 0.098579 0.875488 0.212891;
156, 16.145546 0.058105 0.88916;
157, 0.052282 0.761719 0.026855;
158, 16.670698 0.111328 0.331055;
159, 14.997217 0.426758 0.875;
160, 4.057952 0.714355 0.255859;
161, 11.572303 0.194824 0.19873;
162, 7.756288 0.621582 0.217773;
163, 4.041658 0.731445 0.523926;
164, 8.022194 0.494629 0.327148;
165, 0.029005 0.937988 0.114258;
166, 1.594276 0.693359 0.775879;
167, 14.415401 0.35498 0.592285;
168, 16.954441 0.009766 0.363281;
169, 0.211384 0.921387 0.834473;
170, 1.206434 0.696777 0.958496;
171, 6.888539 0.642578 0.23291;
172, 6.901016 0.626465 0.295898;
173, 6.987516 0.519043 0.763672;
174, 0.068819 0.869141 0.90918;
175, 1.016298 0.697754 0.39502;
176, 0.010698 0.937012 0.301758;
177, 0.32899 0.72168 0.562012;
178, 11.004604 0.241211 0.466797;
179, 11.027143 0.018066 0.801758;
180, 0.193498 0.834961 0.077637;
181, 0.024788 0.987305 0.22998;
182, 16.813368 0.285645 0.395996;
183, 10.728418 0.603027 0.619141;
184, 13.397346 0.101074 0.010254;
185, 11.557289 0.255371 0.067383;
186, 11.543422 0.359863 0.126465;
187, 0.015732 0.787109 0.960938;
188, 0.030338 0.924316 0.078613;
189, 22.212112 0.148438 0.424316;
190, 21.792637 0.512207 0.623535;
191, 7.704281 0.632324 0.99707;
192, 10.823326 0.043945 0.660156;
193, 10.783499 0.185059 0.092285;
194, 8.948626 0.323242 0.197266;
195, 10.270391 0.114746 0.480469;
196, 8.954135 0.451172 0.491699;
197, 8.968732 0.334961 0.095703;
198, 0.062052 0.952148 0.053711;
199, 0.027017 0.844238 0.015137;
200, 0.070051 0.965332 0.847168;
201, 0.01809 0.994141 0.712891;
202, 19.529356 0.005859 0.395996;
203, 19.53406 0.164062 0.20459;
204, 0.125687 0.84375 0.136719;
205, 9.027491 0.424805 0.810547;
206, 9.025546 0.490723 0.271484;
207, 0.021302 0.920898 0.197754;
208, 0.013482 0.848145 0.941406;
209, 20.173702 0.539062 0.788574;
210, 20.531593 0.155762 0.16748;
211, 20.218111 0.369629 0.686523;
212, 20.221376 0.226562 0.148926;
213, 20.216377 0.181641 0.725098;
214, 20.217949 0.393555 0.255859;
215, 0.013354 0.757324 0.513184;
216, 15.431769 0.009277 0.174805;
217, 14.176811 0.500977 0.729492;
218, 15.536524 0.11084 0.666016;
219, 15.550737 0.166016 0.024414;
220, 15.547184 0.160156 0.290039;
221, 0.048694 0.977539 0.921387;
222, 21.906368 0.212891 0.634277;
223, 2.615219 0.724609 0.662109;
224, 13.617478 0.140137 0.015625;
225, 12.373895 0.473633 0.208984;
226, 2.616654 0.697266 0.102539;
227, 0.032964 0.817383 0.430176;
228, 20.998659 0.396484 0.27832;
229, 21.088278 0.187988 0.98291;
230, 21.002207 0.393555 0.390137;
231, 20.518881 0.604004 0.848633;
232, 20.857286 0.370605 0.716309;
233, 20.862534 0.331055 0.52002;
234, 0.037655 0.935059 0.967285;
235, 7.029781 0.572266 0.726562;
236, 0.049085 0.828613 0.308594;
237, 0.020795 0.911133 0.08252;
238, 7.314259 0.558594 0.289551;
239, 0.023091 0.785156 0.873535;
240, 0.044235 0.932129 0.40625;
241, 10.053647 0.150879 0.419922;
242, 9.534273 0.340332 0.874512;
243, 1.850542 0.732422 0.929688;
244, 13.223247 0.617188 0.838379;
245, 13.171084 0.539062 0.12207;
246, 0.072029 0.900391 0.937988;
247, 18.731344 0.034668 0.733887;
248, 17.70709 0.430176 0.14209;
249, 7.157706 0.655762 0.978027;
250, 9.0332 0.267578 0.225098;
251, 0.077785 0.817383 0.037598;
252, 0.020983 0.9375 0.223633;
253, 16.343258 0.018555 0.753418;
254, 0.288439 0.743652 0.89209;
255, 0.285303 0.735352 0.472656;
256, 6.74212 0.529785 0.190918;
257, 8.673541 0.131348 0.875977;
258, 8.706185 0.180664 0.06543;
259, 8.749557 0.103027 0.67041;
260, 0.107561 0.95752 0.687012;
261, 0.004012 0.907715 0.125;
262, 15.104791 0.161133 0.478027;
263, 14.88913 0.385254 0.785645;
264, 0.050996 0.802246 0.387207;
265, 0.021938 0.756836 0.592773;
266, 13.556538 0.134766 0.695801;
267, 0.106807 0.799805 0.927246;
268, 0.008265 0.898438 0.028809;
269, 10.591835 0.128906 0.755371;
270, 0.266071 0.867676 0.644043;
271, 14.09411 0.04834 0.50293;
272, 14.098824 0.208984 0.800293;
273, 0.051342 0.82666 0.318359;
274, 7.027419 0.582031 0.638184;
275, 8.002968 0.185547 0.208008;
276, 7.033235 0.660156 0.867676;
277, 47.215622 0.258789 0.989258;
278, 0.177555 0.743164 0.374512;
279, 0.5957 0.694336 0.30957;
280, 12.737121 0.0625 0.140625;
281, 0.038892 0.989258 0.036621;
282, 0.028678 0.877441 0.308594;
283, 7.103637 0.560059 0.481934;
284, 0.074568 0.942383 0.293457;
285, 0.008064 0.98877 0.525391;
286, 9.428026 0.444824 0.495117;
287, 9.301038 0.526855 0.1875;
288, 11.141983 0.083984 0.740723;
289, 0.060865 0.78125 0.557129;
290, 9.775209 0.550781 0.882324;
291, 9.938927 0.219727 0.203613;
292, 9.765458 0.605469 0.010254;
293, 0.019188 0.793457 0.515137;
294, 0.051221 0.892578 0.348145;
295, 16.241379 0.170898 0.758789;
296, 0.15281 0.749512 0.131348;
297, 0.027935 0.816895 0.253906;
298, 7.267265 0.537598 0.418945;
299, 0.049409 0.868652 0.929199;
300, 1.256763 0.698242 0.884277;
301, 49.052738 0.006836 0.841797;
302, 48.671906 0.387207 0.486816;
303, 0.092093 0.933594 0.534668;
304, 0.028598 0.838379 0.8125;
305, 20.402224 0.395508 0.927734;
306, 20.202824 0.556152 0.470215;
307, 20.33202 0.365723 0.944336;
308, 20.328741 0.443359 0.191895;
309, 22.215611 0.05957 0.593262;
310, 20.202507 0.577637 0.950195;
311, 20.306431 0.419922 0.360352;
312, 20.535364 0.163574 0.475586;
313, 0.163021 0.939941 0.805664;
314, 0.060374 0.728027 0.238281;
315, 12.571453 0.231934 0.980469;
316, 0.057989 0.739258 0.70752;
317, 6.779539 0.542969 0.48291;
318, 0.010833 0.84668 0.157715;
319, 14.10064 0.268066 0.51709;
320, 7.300183 0.680664 0.393555;
321, 7.316477 0.57959 0.666504;
322, 8.477565 0.172852 0.406738;
323, 8.063929 0.480469 0.324707;
324, 8.069268 0.357422 0.566406;
325, 8.012694 0.415527 0.123047;
326, 8.035059 0.472168 0.956055;
327, 0.01719 0.740234 0.060059;
328, 13.425808 0.237793 0.922852;
329, 13.409599 0.108887 0.43457;
330, 7.488105 0.65625 0.592285;
331, 7.498477 0.581543 0.369141;
332, 7.876932 0.41748 0.297363;
333, 7.892406 0.229492 0.746094;
334, 7.53434 0.579102 0.947754;
335, 10.135326 0.075684 0.941895;
336, 8.158063 0.306152 0.876465;
337, 0.07181 0.915039 0.680664;
338, 19.715437 0.084961 0.202637;
339, 0.201094 0.970215 0.227539;
340, 11.770299 0.383301 0.70166;
341, 0.020007 0.780273 0.83252;
342, 0.019171 0.961426 0.94043;
343, 15.830647 0.031738 0.794434;
344, 14.645629 0.394043 0.3125;
345, 14.821821 0.174805 0.634277;
346, 0.075164 0.973145 0.516113;
347, 0.009072 0.82373 0.921387;
348, 48.262554 0.322754 0.996582;
349, 12.425016 0.568848 0.211914;
350, 0.028347 0.765137 0.726562;
351, 7.712154 0.594727 0.292969;
352, 0.015343 0.862305 0.360352;
353, 7.46088 0.51709 0.041992;
354, 0.074437 0.830566 0.648438;
355, 9.324767 0.388184 0.619141;
356, 9.343414 0.510742 0.330566;
357, 9.347939 0.336426 0.964844;
358, 0.083361 0.90918 0.435059;
359, 2.485632 0.682129 0.832031;
360, 0.034072 0.935059 0.025879;
361, 0.012762 0.869141 0.283691;
362, 7.504996 0.503906 0.649902;
363, 7.544357 0.33252 0.556152;
364, 7.660352 0.203125 0.060059;
365, 7.500435 0.506836 0.563477;
366, 7.501568 0.462402 0.036621;
367, 9.632336 0.070801 0.682617;
368, 9.645579 0.146484 0.598145;
369, 0.265544 0.91748 0.585938;
370, 0.023809 0.800293 0.849121;
371, 0.024094 0.991211 0.447754;
372, 16.436342 0.07666 0.567383;
373, 4.634376 0.690918 0.658691;
374, 10.924029 0.130371 0.652344;
375, 10.923147 0.043457 0.762695;
376, 4.642259 0.623047 0.214844;
377, 0.048798 0.895996 0.717285;
378, 17.04253 0.014648 0.65625;
379, 17.044048 0.191406 0.469238;
380, 0.098037 0.805176 0.065918;
381, 7.096732 0.570801 0.588867;
382, 7.647137 0.373047 0.771484;
383, 7.623295 0.494141 0.048828;
384, 0.100051 0.871582 0.384277;
385, 7.428045 0.520996 0.418945;
386, 8.368999 0.162109 0.330566;
387, 8.352784 0.147461 0.237305;
388, 7.475839 0.500488 0.918457;
389, 0.013953 0.816895 0.606934;
390, 3.602338 0.674805 0.706543;
391, 7.048538 0.239258 0.29834;
392, 3.268973 0.69043 0.92627;
393, 3.460541 0.528809 0.088379;
394, 0.038051 0.749512 0.336426;
395, 0.013466 0.812012 0.717285;
396, 14.195096 0.402832 0.875;
397, 0.021607 0.988281 0.849121;
398, 15.194368 0.179199 0.482422;
399, 0.068137 0.776367 0.173828;
400, 0.02674 0.896973 0.613281;
401, 19.319647 0.087891 0.562988;
