0, 0.201776 0.945312 0.200195;
1, 10.448656 0.149414 0.388184;
2, 0.30936 0.870605 0.749512;
3, 2.415772 0.677734 0.32959;
4, 11.2089 0.10498 0.882324;
5, 7.73845 0.241699 0.829102;
6, 0.080302 0.824219 0.926758;
7, 0.037768 0.775391 0.595703;
8, 12.736219 0.194824 0.588867;
9, 8.221238 0.629883 0.743652;
10, 9.168362 0.388184 0.265625;
11, 10.967282 0.032227 0.619141;
12, 9.163836 0.457031 0.112793;
13, 0.074576 0.930176 0.900391;
14, 13.22999 0.598633 0.337891;
15, 15.194251 0.024414 0.343262;
16, 13.964287 0.261719 0.523926;
17, 14.034495 0.198242 0.708496;
18, 13.931778 0.316895 0.55127;
19, 0.168783 0.741699 0.53125;
20, 0.168084 0.736816 0.013672;
21, 0.032014 0.877441 0.235352;
22, 16.399466 0.20459 0.270996;
23, 16.40613 0.212402 0.975586;
24, 16.357443 0.333984 0.875488;
25, 7.607175 0.663086 0.821777;
26, 10.101096 0.299316 0.049316;
27, 0.060396 0.94043 0.356445;
28, 0.607436 0.715332 0.399414;
29, 6.604406 0.571777 0.279297;
30, 0.006409 0.84082 0.293457;
31, 7.744174 0.473145 0.340332;
32, 0.009 0.923828 0.06543;
33, 7.715598 0.502441 0.470703;
34, 7.736346 0.556152 0.834473;
35, 7.803727 0.469238 0.673828;
36, 7.536943 0.661621 0.010254;
37, 12.820076 0.051758 0.67627;
38, 11.298503 0.398926 0.733398;
39, 0.03589 0.921875 0.713379;
40, 18.138786 0.27832 0.634277;
41, 18.453547 0.046387 0.663086;
42, 18.122812 0.291504 0.716309;
43, 18.128017 0.512695 0.546387;
44, 0.01293 0.746582 0.127441;
45, 13.961096 0.027832 0.814941;
46, 12.575088 0.516602 0.29834;
47, 12.594052 0.404297 0.631836;
48, 7.951254 0.588379 0.20752;
49, 6.925212 0.678711 0.569336;
50, 11.419679 0.051758 0.927246;
51, 0.344316 0.854004 0.766113;
52, 15.348143 0.319824 0.335938;
53, 0.028899 0.755859 0.788574;
54, 0.034231 0.797852 0.835449;
55, 13.021576 0.342285 0.720703;
56, 11.039978 0.541992 0.124023;
57, 13.813626 0.104492 0.40625;
58, 11.157729 0.288086 0.878906;
59, 11.72226 0.062012 0.697266;
60, 11.036633 0.588867 0.73291;
61, 11.583181 0.304688 0.776855;
62, 0.25247 0.73584 0.350586;
63, 0.025569 0.986816 0.444336;
64, 7.046971 0.575195 0.397461;
65, 9.85163 0.114746 0.607422;
66, 7.826842 0.397949 0.695312;
67, 8.454944 0.160156 0.406738;
68, 8.461 0.050781 0.894043;
69, 8.416306 0.185059 0.623535;
70, 7.832947 0.423828 0.566895;
71, 7.854343 0.32959 0.595215;
72, 9.771549 0.05127 0.793945;
73, 7.88021 0.464844 0.334473;
74, 0.005948 0.883789 0.247559;
75, 0.06061 0.854004 0.008789;
76, 18.086254 0.201172 0.202637;
77, 18.09655 0.205566 0.376953;
78, 0.0905 0.963379 0.260254;
79, 0.023804 0.958496 0.032227;
80, 7.004236 0.586914 0.937988;
81, 7.057827 0.519043 0.965332;
82, 0.011093 0.776367 0.511719;
83, 9.503253 0.431641 0.723633;
84, 0.026366 0.779785 0.137207;
85, 12.284432 0.560059 0.959961;
86, 12.32598 0.466309 0.056641;
87, 13.728338 0.004883 0.584473;
88, 13.715117 0.076172 0.588867;
89, 12.319554 0.333984 0.256836;
90, 0.05033 0.891602 0.17627;
91, 18.112225 0.255371 0.823242;
92, 7.459163 0.660645 0.255371;
93, 0.020933 0.968262 0.819336;
94, 13.366071 0.637207 0.23291;
95, 14.424784 0.200684 0.640625;
96, 13.358103 0.552246 0.894043;
97, 13.632642 0.20459 0.609375;
98, 13.534746 0.391602 0.371094;
99, 14.76544 0.065918 0.897461;
100, 0.162505 0.797852 0.422852;
101, 0.014829 0.774902 0.703125;
102, 0.034395 0.887695 0.532227;
103, 14.349724 0.181152 0.665527;
104, 14.241535 0.429199 0.001953;
105, 0.052138 0.76123 0.068359;
106, 0.022496 0.977539 0.002441;
107, 11.774927 0.140137 0.267578;
108, 10.792267 0.316895 0.552246;
109, 11.857414 0.074707 0.104492;
110, 0.15638 0.958008 0.341797;
111, 0.042501 0.773926 0.767578;
112, 11.660456 0.233887 0.901367;
113, 0.067315 0.777344 0.531738;
114, 8.513089 0.521484 0.697266;
115, 8.497671 0.587891 0.064453;
116, 0.006809 0.964844 0.733398;
117, 0.04992 0.984863 0.716797;
118, 14.964118 0.265137 0.615234;
119, 15.112839 0.172363 0.015137;
120, 0.017377 0.993164 0.510254;
121, 0.010929 0.822266 0.385254;
122, 0.011115 0.831543 0.304199;
123, 15.990301 0.631348 0.717285;
124, 15.954589 0.541504 0.231445;
125, 15.974624 0.654297 0.694824;
126, 16.232283 0.411621 0.936035;
127, 0.080074 0.973145 0.521973;
128, 49.492096 0.207031 0.891602;
129, 49.476463 0.387207 0.551758;
130, 7.414706 0.626465 0.115723;
131, 2.583432 0.726562 0.910156;
132, 8.387533 0.625 0.07666;
133, 11.841917 0.067871 0.553711;
134, 0.555845 0.739258 0.071777;
135, 7.917976 0.433105 0.06543;
136, 10.645708 0.116211 0.685059;
137, 7.797794 0.57666 0.236328;
138, 0.032889 0.777832 0.549316;
139, 8.273917 0.588379 0.433594;
140, 8.250925 0.633301 0.176758;
141, 0.023625 0.790527 0.680664;
142, 16.195683 0.121582 0.804688;
143, 15.280765 0.442383 0.920898;
144, 35.998829 0.369629 0.812988;
145, 0.057384 0.929199 0.625488;
146, 0.254648 0.71875 0.047852;
147, 6.771576 0.520996 0.588867;
148, 6.719891 0.581543 0.908691;
149, 0.012049 0.742676 0.001465;
150, 4.300885 0.66748 0.78125;
151, 4.33546 0.571289 0.09668;
152, 0.030823 0.860352 0.608398;
153, 9.584417 0.390137 0.851074;
154, 9.840314 0.176758 0.161133;
155, 0.06385 0.962891 0.541016;
156, 0.017862 0.803711 0.844727;
157, 0.031983 0.787109 0.938477;
158, 13.357325 0.266602 0.012695;
159, 5.203367 0.700195 0.68457;
160, 0.011867 0.853516 0.378418;
161, 6.966682 0.575684 0.606934;
162, 7.855697 0.209961 0.352539;
163, 7.862864 0.171387 0.791992;
164, 0.149605 0.927734 0.852539;
165, 15.367163 0.331543 0.673828;
166, 0.06693 0.91748 0.012207;
167, 0.017369 0.740723 0.441895;
168, 7.110565 0.489258 0.67041;
169, 7.066121 0.563965 0.367188;
170, 6.82097 0.648926 0.47168;
171, 6.858602 0.649414 0.536621;
172, 6.850376 0.604004 0.746582;
173, 1.751264 0.719238 0.205078;
174, 0.021692 0.836914 0.432129;
175, 4.810901 0.662109 0.04834;
176, 5.542087 0.419434 0.662598;
177, 8.199428 0.067871 0.384766;
178, 0.239144 0.942871 0.241211;
179, 0.043024 0.938477 0.067871;
180, 0.024694 0.743652 0.98291;
181, 12.471628 0.012695 0.404297;
182, 10.889255 0.437988 0.275879;
183, 0.029074 0.963379 0.075684;
184, 10.63984 0.417969 0.304688;
185, 10.642537 0.422363 0.469727;
186, 0.047851 0.877441 0.296387;
187, 3.802509 0.674316 0.986816;
188, 0.015761 0.850098 0.265625;
189, 9.484674 0.387695 0.302246;
190, 9.49235 0.229004 0.967285;
191, 9.507645 0.342285 0.978027;
192, 0.088528 0.87207 0.118652;
193, 0.011553 0.802734 0.324707;
194, 18.878885 0.240234 0.003906;
195, 15.707537 0.52002 0.562012;
196, 15.7107 0.393066 0.404297;
197, 16.832367 0.059082 0.069824;
198, 15.719105 0.278809 0.899414;
199, 15.707941 0.34668 0.816406;
200, 15.658653 0.610352 0.762207;
201, 16.278339 0.248047 0.757324;
202, 0.243491 0.861816 0.916992;
203, 8.369479 0.437988 0.862305;
204, 8.549334 0.186523 0.287109;
205, 0.160268 0.92627 0.68457;
206, 20.555113 0.280273 0.428223;
207, 20.773417 0.16748 0.31543;
208, 3.686802 0.690918 0.42041;
209, 0.058584 0.88916 0.613281;
210, 7.07097 0.574707 0.263184;
211, 0.021034 0.88916 0.364746;
212, 17.821419 0.133301 0.149414;
213, 16.776211 0.259277 0.504883;
214, 0.241199 0.745117 0.311523;
215, 13.235924 0.078125 0.935059;
216, 6.883278 0.675293 0.896973;
217, 9.347354 0.175293 0.209473;
218, 0.028752 0.998047 0.469727;
219, 0.008659 0.871582 0.940918;
220, 12.741562 0.186035 0.318359;
221, 12.733477 0.134277 0.905273;
222, 0.090116 0.773438 0.637207;
223, 14.030109 0.026855 0.555176;
224, 8.891587 0.576172 0.161621;
225, 8.909862 0.535156 0.080566;
226, 10.846655 0.012207 0.573242;
227, 9.000933 0.353516 0.159668;
228, 4.660606 0.718262 0.897461;
229, 8.216345 0.501953 0.519531;
230, 8.226149 0.224121 0.02832;
231, 8.186821 0.498535 0.873535;
232, 8.028966 0.657227 0.540039;
233, 4.654453 0.700195 0.337402;
234, 0.004184 0.938965 0.383789;
235, 0.028199 0.906738 0.222656;
236, 0.037743 0.920898 0.157227;
237, 17.859856 0.164551 0.458984;
238, 0.129296 0.827637 0.13916;
239, 10.122443 0.370117 0.47168;
240, 12.688601 0.065918 0.900391;
241, 12.7064 0.086426 0.438965;
242, 12.715942 0.175293 0.939941;
243, 10.147054 0.451172 0.362305;
244, 9.008935 0.583008 0.274414;
245, 9.222549 0.437012 0.915039;
246, 11.039647 0.021484 0.594727;
247, 9.24724 0.257324 0.763184;
248, 7.328927 0.649902 0.651367;
249, 7.351501 0.574219 0.096191;
250, 8.002972 0.384277 0.128906;
251, 8.021726 0.497559 0.074219;
252, 0.026327 0.762695 0.866211;
253, 8.354492 0.38623 0.905273;
254, 8.790759 0.169922 0.885254;
255, 8.422865 0.308594 0.994141;
256, 8.397533 0.479004 0.969727;
257, 10.316876 0.022461 0.007812;
258, 0.010232 0.996582 0.010742;
259, 5.712758 0.663574 0.192871;
260, 9.751108 0.274902 0.96875;
261, 9.772094 0.410645 0.133301;
262, 9.788161 0.266602 0.658691;
263, 0.073683 0.774414 0.318359;
264, 0.026785 0.971191 0.783691;
265, 8.668635 0.432617 0.311523;
266, 8.381229 0.547363 0.77002;
267, 10.227649 0.13623 0.16748;
268, 0.084027 0.775879 0.722656;
269, 0.020166 0.80127 0.790039;
270, 0.053985 0.827637 0.276855;
271, 20.229013 0.063477 0.021973;
272, 0.138492 0.821289 0.31543;
273, 14.808169 0.036621 0.010742;
274, 14.816299 0.16748 0.145508;
275, 8.327793 0.549805 0.800781;
276, 8.529388 0.42334 0.662598;
277, 0.026494 0.923828 0.571777;
278, 0.02543 0.927734 0.111816;
279, 0.029398 0.739258 0.916504;
280, 0.415769 0.708008 0.508789;
281, 11.915561 0.634766 0.243652;
282, 11.966078 0.475586 0.256348;
283, 11.964288 0.333984 0.510742;
284, 11.896499 0.549316 0.654785;
285, 12.020595 0.4375 0.682617;
286, 11.93367 0.674316 0.90625;
287, 0.016751 0.805176 0.694824;
288, 0.013973 0.986816 0.045898;
289, 14.079327 0.337402 0.792969;
290, 14.076526 0.290039 0.684082;
291, 14.513468 0.063965 0.310059;
292, 0.232355 0.899414 0.170898;
293, 9.258656 0.269043 0.357422;
294, 9.27527 0.38623 0.483398;
295, 8.982553 0.571289 0.32959;
296, 7.531051 0.629395 0.108887;
297, 9.383574 0.264648 0.882812;
298, 0.031383 0.79834 0.32959;
299, 0.018943 0.882812 0.513184;
300, 7.786704 0.646484 0.007812;
301, 7.78793 0.652832 0.223633;
302, 0.018133 0.813477 0.941406;
303, 16.887241 0.297852 0.163574;
304, 0.088984 0.825195 0.467773;
305, 22.399488 0.547363 0.747559;
306, 22.405027 0.525391 0.460449;
307, 22.381424 0.663574 0.587891;
308, 22.422653 0.489258 0.024414;
309, 25.407059 0.233887 0.09375;
310, 22.385166 0.634277 0.79834;
311, 0.011269 0.853516 0.409668;
312, 0.020384 0.987793 0.630859;
313, 0.048699 0.83252 0.284668;
314, 15.524658 0.213379 0.806152;
315, 15.511628 0.436035 0.856934;
316, 16.64967 0.067871 0.042969;
317, 16.640305 0.053223 0.104004;
318, 0.04657 0.980957 0.425781;
319, 10.330716 0.212891 0.304688;
320, 10.314342 0.009277 0.571777;
321, 10.314863 0.144531 0.720215;
322, 8.103252 0.664551 0.293457;
323, 8.12312 0.604004 0.091797;
324, 8.80358 0.411621 0.306641;
325, 8.074657 0.574707 0.481934;
326, 8.09444 0.668945 0.097168;
327, 3.04647 0.71875 0.631836;
328, 3.049185 0.686523 0.;
329, 11.351645 0.14502 0.808105;
330, 10.568266 0.404785 0.932617;
331, 13.291414 0.051758 0.740234;
332, 0.150373 0.804688 0.347656;
333, 18.193678 0.406738 0.125977;
334, 18.189754 0.337891 0.951172;
335, 0.046379 0.873535 0.379395;
336, 12.596488 0.262695 0.973145;
337, 12.584592 0.300781 0.563477;
338, 12.605345 0.338379 0.23291;
339, 8.549676 0.528809 0.080078;
340, 0.054269 0.929688 0.075195;
341, 12.219804 0.097168 0.90332;
342, 0.015647 0.989746 0.056641;
343, 0.058965 0.928223 0.212402;
344, 11.199471 0.27832 0.321777;
345, 10.982913 0.58252 0.033203;
346, 0.016009 0.92627 0.168457;
347, 22.773014 0.330078 0.152832;
348, 7.721375 0.623047 0.334961;
349, 2.770772 0.701172 0.378418;
350, 7.100768 0.590332 0.813477;
351, 7.143583 0.576172 0.164062;
352, 7.893983 0.386719 0.57666;
353, 7.87434 0.378906 0.116211;
354, 7.877554 0.391113 0.054199;
355, 0.024478 0.824219 0.329102;
356, 12.939966 0.258301 0.250977;
357, 13.085574 0.174316 0.821289;
358, 0.134252 0.892578 0.080078;
359, 19.272299 0.135254 0.769531;
360, 18.916807 0.250977 0.72168;
361, 10.128069 0.525879 0.556641;
362, 13.2925 0.108398 0.751953;
363, 13.322068 0.022461 0.105957;
364, 0.084178 0.754395 0.297852;
365, 0.029254 0.741699 0.135254;
366, 10.895244 0.349609 0.908203;
367, 0.043646 0.948242 0.224609;
368, 7.830215 0.503906 0.927246;
369, 9.893697 0.03418 0.387207;
370, 0.219667 0.949219 0.566406;
371, 20.052439 0.049805 0.760742;
372, 19.105898 0.454102 0.384277;
373, 0.02676 0.840332 0.308105;
374, 7.063433 0.570312 0.942871;
375, 7.77411 0.193848 0.444824;
376, 7.550972 0.429688 0.053223;
377, 0.073226 0.96875 0.030273;
378, 13.434547 0.13623 0.243164;
379, 12.81203 0.535156 0.544922;
380, 14.146916 0.020996 0.347168;
381, 14.153637 0.080078 0.43457;
382, 3.098429 0.717285 0.952148;
383, 9.49943 0.363281 0.557129;
384, 9.650394 0.177734 0.027832;
385, 7.252696 0.633789 0.839844;
386, 3.168931 0.69043 0.610352;
387, 3.673491 0.491699 0.832031;
388, 3.65576 0.585449 0.870605;
389, 7.86839 0.04834 0.331543;
390, 5.058969 0.43457 0.683105;
391, 3.651 0.552734 0.345703;
392, 7.431262 0.077637 0.869141;
393, 0.196457 0.907227 0.223633;
394, 4.807838 0.663574 0.333496;
395, 11.122961 0.116211 0.864258;
396, 8.838094 0.493164 0.072754;
397, 4.806866 0.668945 0.412598;
398, 8.907671 0.170898 0.763184;
399, 8.561812 0.436035 0.537598;
400, 10.46783 0.039062 0.194824;
401, 8.579882 0.271484 0.610352;
