0, 15.65242 0.067383 0.429688;
1, 0.243566 0.924805 0.513184;
2, 22.341051 0.202148 0.326172;
3, 22.333174 0.125977 0.374023;
4, 22.267324 0.238281 0.220215;
5, 7.498087 0.681641 0.976074;
6, 7.507937 0.594727 0.890625;
7, 0.025772 0.912109 0.222168;
8, 0.036246 0.73584 0.861328;
9, 6.620805 0.554688 0.340332;
10, 6.817137 0.45166 0.711914;
11, 6.816107 0.364258 0.293945;
12, 7.031348 0.191895 0.955078;
13, 6.773608 0.493652 0.025879;
14, 6.789567 0.433105 0.855957;
15, 0.017161 0.759766 0.702148;
16, 0.345144 0.718262 0.666992;
17, 0.046379 0.736816 0.004883;
18, 12.535322 0.140625 0.057129;
19, 11.76341 0.279785 0.908203;
20, 12.292735 0.118164 0.237305;
21, 0.416935 0.882324 0.983398;
22, 7.00296 0.561035 0.839355;
23, 0.011649 0.989258 0.583496;
24, 14.464224 0.333984 0.036621;
25, 14.466309 0.395508 0.486328;
26, 14.474921 0.246094 0.786133;
27, 0.068231 0.848145 0.29248;
28, 0.023667 0.814453 0.180664;
29, 17.494736 0.138672 0.767578;
30, 0.0195 0.996094 0.566406;
31, 7.628742 0.500977 0.557129;
32, 7.60142 0.458496 0.655273;
33, 0.307788 0.746094 0.831055;
34, 0.016833 0.800781 0.509277;
35, 16.997992 0.180664 0.008789;
36, 16.993982 0.227539 0.977051;
37, 16.879354 0.349609 0.3125;
38, 18.11904 0.075684 0.321289;
39, 18.128946 0.233887 0.09668;
40, 18.124802 0.09082 0.210938;
41, 18.114872 0.034668 0.230469;
42, 0.702948 0.851074 0.97168;
43, 25.281319 0.05127 0.178711;
44, 24.538507 0.441406 0.495117;
45, 26.236391 0.061523 0.641113;
46, 0.337709 0.858887 0.590332;
47, 7.075882 0.57373 0.884277;
48, 0.070267 0.855469 0.723633;
49, 17.889349 0.079102 0.458008;
50, 15.247865 0.318848 0.657715;
51, 15.241341 0.269043 0.19873;
52, 0.212246 0.89209 0.73584;
53, 0.008037 0.787598 0.052734;
54, 10.630797 0.65332 0.434082;
55, 0.013573 0.90918 0.038574;
56, 17.664278 0.073242 0.244629;
57, 7.880056 0.643555 0.008301;
58, 0.017521 0.90918 0.42041;
59, 14.436928 0.025391 0.894531;
60, 13.131476 0.40918 0.225586;
61, 8.760055 0.550781 0.551758;
62, 0.522588 0.73877 0.525879;
63, 0.023636 0.995117 0.005371;
64, 24.042984 0.150879 0.077148;
65, 23.809752 0.342285 0.286621;
66, 23.803991 0.423828 0.794922;
67, 23.815145 0.46875 0.478516;
68, 8.321705 0.626465 0.59668;
69, 0.326271 0.743652 0.833496;
70, 10.889916 0.228516 0.415039;
71, 10.901404 0.115723 0.117188;
72, 10.900555 0.464844 0.952148;
73, 0.064062 0.87793 0.830566;
74, 17.47839 0.088379 0.213379;
75, 14.565359 0.444824 0.238281;
76, 16.772516 0.003906 0.887695;
77, 16.785299 0.064941 0.986328;
78, 14.567443 0.339844 0.84668;
79, 16.157034 0.11084 0.724609;
80, 0.225556 0.914551 0.97998;
81, 7.262331 0.521484 0.406738;
82, 0.017707 0.948242 0.400391;
83, 7.817929 0.527344 0.062988;
84, 0.01795 0.755371 0.848633;
85, 7.736061 0.428711 0.9375;
86, 7.748196 0.481445 0.050293;
87, 0.016299 0.790039 0.134277;
88, 15.70646 0.580566 0.543945;
89, 0.148058 0.881836 0.929688;
90, 48.663364 0.056152 0.882324;
91, 8.249847 0.561035 0.516602;
92, 0.039126 0.96582 0.745117;
93, 12.188948 0.632324 0.781738;
94, 12.149936 0.619141 0.700684;
95, 14.263654 0.059082 0.327148;
96, 7.69451 0.722168 0.868652;
97, 0.027257 0.894531 0.522461;
98, 2.523882 0.681641 0.926758;
99, 6.262269 0.356934 0.173828;
100, 6.25709 0.266602 0.995605;
101, 0.105669 0.932617 0.572266;
102, 11.024064 0.007812 0.553711;
103, 0.036112 0.994141 0.151855;
104, 20.045837 0.159668 0.394043;
105, 20.055553 0.025879 0.558594;
106, 20.045433 0.035645 0.740234;
107, 0.106214 0.808594 0.505859;
108, 18.989632 0.078125 0.880371;
109, 18.994987 0.040527 0.73877;
110, 14.650121 0.638184 0.67041;
111, 14.66237 0.53125 0.678223;
112, 15.077744 0.169434 0.485352;
113, 14.728227 0.51416 0.152344;
114, 14.723417 0.29834 0.589355;
115, 14.639394 0.650879 0.502441;
116, 0.025946 0.817383 0.820801;
117, 18.651436 0.023926 0.772949;
118, 17.638618 0.327148 0.977539;
119, 17.632841 0.381836 0.541016;
120, 11.051152 0.691406 0.57959;
121, 0.015419 0.812988 0.936035;
122, 5.691461 0.659668 0.410156;
123, 5.71051 0.600098 0.251465;
124, 5.945478 0.448242 0.580078;
125, 8.48777 0.068848 0.000977;
126, 0.246398 0.852051 0.473145;
127, 9.259311 0.407715 0.761719;
128, 9.273923 0.261719 0.02002;
129, 9.269218 0.490723 0.505859;
130, 9.253701 0.467285 0.644043;
131, 9.255696 0.404297 0.411621;
132, 9.305454 0.219727 0.729004;
133, 9.290379 0.058594 0.229492;
134, 9.273232 0.124512 0.992676;
135, 9.260802 0.160156 0.663574;
136, 9.277936 0.053223 0.246582;
137, 7.251863 0.671387 0.446777;
138, 7.414514 0.484375 0.038574;
139, 7.454318 0.473633 0.992676;
140, 8.48987 0.134766 0.268066;
141, 8.467053 0.188965 0.670898;
142, 8.468088 0.079102 0.662598;
143, 8.475037 0.127441 0.138672;
144, 7.397338 0.61377 0.027344;
145, 11.833966 0.111328 0.655273;
146, 0.11689 0.834473 0.013184;
147, 0.131987 0.72998 0.648926;
148, 0.021327 0.98877 0.288574;
149, 2.134318 0.685547 0.456543;
150, 10.77965 0.044434 0.969727;
151, 3.535455 0.524902 0.374512;
152, 3.516308 0.561035 0.928711;
153, 7.343356 0.046387 0.527832;
154, 4.146968 0.30957 0.206543;
155, 3.458488 0.594727 0.14502;
156, 0.050817 0.924316 0.625488;
157, 19.212803 0.161621 0.53125;
158, 19.221684 0.131348 0.213867;
159, 0.078106 0.786133 0.125977;
160, 0.013956 0.972656 0.45166;
161, 19.134951 0.166016 0.601074;
162, 19.029455 0.341797 0.325684;
163, 19.028706 0.416504 0.944824;
164, 0.0808 0.919922 0.46582;
165, 2.038013 0.688965 0.813477;
166, 3.353328 0.425293 0.741211;
167, 3.339776 0.255859 0.143066;
168, 2.672364 0.570312 0.449219;
169, 8.417749 0.105957 0.14209;
170, 2.034071 0.64209 0.055176;
171, 6.929264 0.200684 0.477539;
172, 0.077788 0.771484 0.483398;
173, 14.496649 0.082031 0.551758;
174, 14.491602 0.08252 0.912109;
175, 14.512034 0.144531 0.98291;
176, 14.518977 0.11084 0.721191;
177, 11.74442 0.438477 0.97168;
178, 11.73544 0.377441 0.907715;
179, 13.646213 0.10791 0.986328;
180, 8.137271 0.674316 0.015137;
181, 10.704864 0.254883 0.379883;
182, 8.334226 0.539551 0.640625;
183, 8.41439 0.348145 0.90918;
184, 10.414407 0.050293 0.222168;
185, 0.255389 0.945801 0.345215;
186, 0.014207 0.842773 0.400879;
187, 7.821901 0.47998 0.5;
188, 0.013099 0.793945 0.421387;
189, 17.201069 0.617188 0.224121;
190, 0.021768 0.874023 0.739746;
191, 9.187912 0.413086 0.294922;
192, 3.479651 0.687012 0.155762;
193, 4.126027 0.597168 0.808594;
194, 8.237077 0.085938 0.523438;
195, 4.103181 0.535645 0.306152;
196, 4.220422 0.410156 0.786133;
197, 4.207489 0.348145 0.007812;
198, 4.221558 0.388672 0.334961;
199, 0.01977 0.774414 0.998047;
200, 11.318717 0.310547 0.23877;
201, 7.520944 0.622559 0.504883;
202, 3.623887 0.704102 0.411133;
203, 0.44587 0.739746 0.691895;
204, 10.075083 0.244141 0.680176;
205, 10.106049 0.397949 0.416016;
206, 10.103225 0.506348 0.117188;
207, 6.611814 0.666016 0.869141;
208, 47.805637 0.130859 0.932617;
209, 0.169571 0.953613 0.230957;
210, 17.029217 0.22998 0.148926;
211, 17.031849 0.458008 0.054688;
212, 17.024406 0.306152 0.240723;
213, 17.687189 0.106445 0.305176;
214, 5.488364 0.6875 0.018555;
215, 11.730946 0.297363 0.085938;
216, 0.082337 0.966797 0.46582;
217, 14.753467 0.235352 0.842285;
218, 0.074436 0.79248 0.628906;
219, 0.007373 0.942383 0.761719;
220, 14.159598 0.304199 0.603516;
221, 0.546422 0.73291 0.108887;
222, 0.025872 0.977539 0.206543;
223, 10.084356 0.270996 0.494629;
224, 8.018014 0.628906 0.217285;
225, 0.009411 0.795898 0.408691;
226, 13.841222 0.588379 0.664551;
227, 13.82902 0.64209 0.691406;
228, 14.820827 0.231445 0.916504;
229, 14.824024 0.363281 0.568848;
230, 15.963058 0.139648 0.711914;
231, 14.813042 0.423828 0.987305;
232, 17.043877 0.029785 0.287109;
233, 17.057043 0.139648 0.993164;
234, 0.172755 0.906738 0.270508;
235, 0.032552 0.913086 0.426758;
236, 14.981112 0.038574 0.705566;
237, 2.520198 0.701172 0.154297;
238, 7.905109 0.418945 0.117676;
239, 7.857045 0.249023 0.364746;
240, 7.866337 0.255371 0.97998;
241, 7.889047 0.36377 0.041504;
242, 11.264782 0.01416 0.091309;
243, 7.889193 0.338867 0.76709;
244, 10.067905 0.046875 0.74707;
245, 10.101384 0.07666 0.964355;
246, 7.538234 0.524414 0.952637;
247, 7.0382 0.637207 0.132812;
248, 0.049812 0.874023 0.690918;
249, 0.255773 0.721191 0.127441;
250, 11.77718 0.264648 0.951172;
251, 0.117912 0.942383 0.06543;
252, 17.242855 0.022949 0.618164;
253, 17.226818 0.141113 0.51709;
254, 3.093724 0.729004 0.375488;
255, 0.042132 0.802246 0.061523;
256, 23.699564 0.240234 0.544922;
257, 23.701145 0.07959 0.008301;
258, 23.700573 0.197754 0.342773;
259, 23.701181 0.15918 0.973145;
260, 21.435459 0.553223 0.497559;
261, 22.383335 0.074219 0.052734;
262, 22.384354 0.181152 0.279785;
263, 22.384657 0.01123 0.146484;
264, 0.176884 0.822754 0.489746;
265, 14.335456 0.624512 0.692871;
266, 0.01456 0.776855 0.393555;
267, 0.051578 0.961914 0.871094;
268, 48.775799 0.168457 0.888672;
269, 48.681637 0.322754 0.387695;
270, 14.414611 0.47998 0.044434;
271, 7.245727 0.67334 0.309082;
272, 7.267745 0.602539 0.473145;
273, 7.267328 0.57959 0.353027;
274, 0.023026 0.941406 0.722168;
275, 14.574042 0.288574 0.733398;
276, 14.593782 0.295898 0.908203;
277, 14.578249 0.486328 0.811035;
278, 14.618951 0.209961 0.692383;
279, 0.243047 0.742188 0.96875;
280, 0.240944 0.741211 0.269531;
281, 12.285262 0.291016 0.463379;
282, 7.768941 0.553223 0.270996;
283, 7.768508 0.540527 0.741699;
284, 11.097486 0.112305 0.447266;
285, 0.099888 0.965332 0.624023;
286, 0.049199 0.879883 0.793945;
287, 14.462755 0.305176 0.000977;
288, 0.139496 0.894043 0.431641;
289, 6.775849 0.655762 0.915527;
290, 0.004197 0.891113 0.567871;
291, 15.707517 0.280762 0.71875;
292, 16.848251 0.503906 0.984863;
293, 0.006159 0.890137 0.113281;
294, 0.04823 0.799805 0.30957;
295, 0.021671 0.746094 0.246094;
296, 0.020833 0.771484 0.237305;
297, 10.594983 0.38916 0.616699;
298, 0.011289 0.972168 0.999512;
299, 18.424309 0.148438 0.467773;
300, 0.14591 0.822266 0.666504;
301, 0.01559 0.940918 0.887695;
302, 1.174673 0.697754 0.937988;
303, 0.032428 0.779297 0.987793;
304, 0.032167 0.959473 0.166016;
305, 1.311201 0.695801 0.315918;
306, 10.945053 0.20166 0.369141;
307, 10.86566 0.43457 0.088379;
308, 0.014795 0.837891 0.263672;
309, 7.732974 0.476562 0.301758;
310, 10.21724 0.128906 0.40625;
311, 7.768653 0.456055 0.617188;
312, 7.727574 0.320801 0.669434;
313, 9.168985 0.077637 0.774414;
314, 0.019954 0.97998 0.693848;
315, 12.425031 0.321777 0.462402;
316, 9.482201 0.546387 0.216797;
317, 7.748254 0.666992 0.432129;
318, 7.768236 0.67334 0.537598;
319, 8.077918 0.428711 0.885254;
320, 8.059888 0.244141 0.482422;
321, 0.192447 0.911133 0.51709;
322, 2.479717 0.678223 0.588379;
323, 0.018796 0.890137 0.651855;
324, 15.946436 0.269531 0.672852;
325, 16.147444 0.080078 0.573242;
326, 16.154501 0.214355 0.696777;
327, 16.166613 0.087402 0.592773;
328, 16.170282 0.202148 0.548828;
329, 15.925163 0.483398 0.799805;
330, 15.926532 0.403809 0.710938;
331, 18.031898 0.07959 0.930664;
332, 15.950495 0.263184 0.875977;
333, 0.042809 0.807129 0.836426;
334, 11.3982 0.451172 0.966309;
335, 11.403456 0.513672 0.973145;
336, 11.394279 0.316895 0.910645;
337, 10.91522 0.614258 0.054199;
338, 10.914094 0.675781 0.19043;
339, 12.8024 0.339844 0.29834;
340, 0.054223 0.78125 0.251465;
341, 11.646076 0.48584 0.191895;
342, 0.01478 0.755859 0.273438;
343, 0.56149 0.711914 0.021484;
344, 0.0542 0.832031 0.524902;
345, 6.751297 0.655273 0.77002;
346, 9.080129 0.207031 0.585449;
347, 0.208137 0.870117 0.625;
348, 0.017469 0.84082 0.023438;
349, 12.031012 0.343262 0.722168;
350, 12.021459 0.247559 0.712402;
351, 12.040089 0.486328 0.261719;
352, 12.118573 0.182129 0.149414;
353, 7.310907 0.648438 0.196289;
354, 9.349621 0.249023 0.754395;
355, 0.073357 0.972168 0.375977;
356, 21.39854 0.174805 0.425293;
357, 0.197247 0.908203 0.465332;
358, 0.008976 0.942871 0.980957;
359, 15.10301 0.121582 0.003418;
360, 14.413194 0.334961 0.26416;
361, 14.45638 0.197754 0.987793;
362, 14.44491 0.046387 0.211426;
363, 0.299273 0.873535 0.279297;
364, 14.705383 0.085938 0.961914;
365, 12.831187 0.337402 0.052246;
366, 12.816983 0.478516 0.777344;
367, 12.829104 0.358887 0.121094;
368, 12.841798 0.341797 0.20166;
369, 8.670564 0.612793 0.869629;
370, 9.712106 0.275879 0.109375;
371, 0.343403 0.861816 0.962402;
372, 8.514351 0.441895 0.583984;
373, 8.361878 0.612793 0.300781;
374, 8.33973 0.507324 0.945312;
375, 0.037027 0.898438 0.186035;
376, 20.399553 0.215332 0.708496;
377, 20.392771 0.265137 0.380859;
378, 7.49104 0.646973 0.608398;
379, 8.323365 0.401855 0.92627;
380, 0.072618 0.934082 0.062988;
381, 16.422205 0.15332 0.070312;
382, 0.153135 0.927734 0.220703;
383, 19.759302 0.050293 0.835449;
384, 2.648981 0.71582 0.135742;
385, 11.729622 0.134277 0.799805;
386, 11.748779 0.17334 0.752441;
387, 10.935442 0.496582 0.445312;
388, 0.040951 0.802246 0.847168;
389, 16.477064 0.07373 0.285156;
390, 0.120909 0.758789 0.700684;
391, 7.19811 0.528809 0.290039;
392, 0.098988 0.856934 0.980469;
393, 22.113743 0.395996 0.061523;
394, 0.086727 0.96875 0.325195;
395, 0.039733 0.882324 0.981934;
396, 4.352053 0.667969 0.684082;
397, 0.016586 0.817383 0.113281;
398, 0.01108 0.943848 0.299805;
399, 8.976696 0.453125 0.69873;
400, 8.868827 0.578125 0.650879;
401, 0.014789 0.758301 0.149902;
