0, 0.283648 0.939453 0.237305;
1, 0.024833 0.972168 0.528809;
2, 0.008007 0.885742 0.883789;
3, 14.178973 0.260254 0.352051;
4, 14.169415 0.233887 0.266113;
5, 14.186181 0.394043 0.928223;
6, 0.064869 0.949707 0.45752;
7, 9.829025 0.210938 0.265137;
8, 9.76195 0.413086 0.149414;
9, 11.46656 0.033203 0.438477;
10, 11.482988 0.003418 0.727051;
11, 7.886751 0.616699 0.85498;
12, 0.005854 0.897949 0.635742;
13, 18.650309 0.273926 0.632324;
14, 18.649591 0.497559 0.124512;
15, 18.656733 0.413574 0.63916;
16, 19.613565 0.062012 0.245117;
17, 18.649195 0.396973 0.632324;
18, 0.067544 0.858398 0.012207;
19, 11.713502 0.370605 0.202148;
20, 11.818811 0.201172 0.573242;
21, 3.811773 0.688477 0.540039;
22, 4.524523 0.45166 0.477051;
23, 0.01626 0.82666 0.008301;
24, 7.670966 0.495605 0.767578;
25, 7.674607 0.414062 0.678223;
26, 7.686926 0.580566 0.370117;
27, 8.903112 0.155762 0.126953;
28, 0.208863 0.899414 0.54541;
29, 21.756201 0.296875 0.42041;
30, 2.493719 0.695801 0.290527;
31, 10.252529 0.359375 0.379883;
32, 0.022152 0.770508 0.19873;
33, 0.0144 0.826172 0.579102;
34, 19.222198 0.57373 0.260742;
35, 19.214863 0.645996 0.648438;
36, 19.301361 0.444824 0.958496;
37, 19.296417 0.368164 0.326172;
38, 19.301071 0.299316 0.78418;
39, 19.31735 0.226562 0.89209;
40, 0.072781 0.977539 0.197266;
41, 0.03358 0.972168 0.396484;
42, 19.743927 0.110352 0.674316;
43, 0.052 0.776855 0.142578;
44, 9.53824 0.581543 0.464844;
45, 9.495658 0.579102 0.092773;
46, 0.032286 0.789062 0.830566;
47, 9.167096 0.644043 0.814453;
48, 9.476651 0.418457 0.722656;
49, 0.019828 0.865723 0.056152;
50, 2.730232 0.687988 0.593262;
51, 3.3192 0.611816 0.893555;
52, 2.71473 0.686035 0.763672;
53, 2.984926 0.664062 0.381836;
54, 3.068568 0.572754 0.26123;
55, 0.017398 0.84668 0.937988;
56, 0.019307 0.828125 0.27832;
57, 12.714423 0.638672 0.010742;
58, 15.665817 0.035645 0.144531;
59, 0.098168 0.961914 0.692871;
60, 10.703391 0.381836 0.471191;
61, 11.192214 0.155273 0.071777;
62, 10.703692 0.333496 0.053223;
63, 3.823046 0.69043 0.555664;
64, 9.47606 0.160645 0.953125;
65, 0.105045 0.806152 0.397461;
66, 16.500322 0.570312 0.03418;
67, 16.510159 0.59668 0.492188;
68, 15.08435 0.69873 0.30957;
69, 15.104828 0.678223 0.227051;
70, 19.049934 0.102539 0.362793;
71, 16.990658 0.274902 0.15918;
72, 15.099728 0.669922 0.76123;
73, 16.194124 0.321289 0.928711;
74, 17.175634 0.107422 0.524902;
75, 15.097643 0.645996 0.006836;
76, 16.296043 0.29248 0.923828;
77, 16.292303 0.243164 0.866699;
78, 16.300438 0.328613 0.;
79, 16.305878 0.29541 0.535156;
80, 16.299797 0.452148 0.205078;
81, 15.138204 0.582031 0.158203;
82, 15.868072 0.154785 0.994141;
83, 15.105343 0.634277 0.255859;
84, 0.024061 0.885742 0.056641;
85, 16.112133 0.15625 0.607422;
86, 16.119583 0.22998 0.562012;
87, 7.719012 0.646484 0.947754;
88, 0.057342 0.869629 0.996582;
89, 48.228321 0.125 0.903809;
90, 48.229691 0.012695 0.429199;
91, 7.153714 0.620117 0.670898;
92, 7.793485 0.402344 0.663574;
93, 7.740567 0.329102 0.853516;
94, 0.398364 0.737305 0.23877;
95, 11.041963 0.265625 0.351074;
96, 11.211753 0.125488 0.228027;
97, 11.000858 0.273438 0.032227;
98, 11.009254 0.305176 0.915527;
99, 11.306473 0.17041 0.469238;
100, 0.188854 0.846191 0.34082;
101, 15.124753 0.173828 0.070801;
102, 15.133086 0.169922 0.550293;
103, 15.140733 0.086914 0.6875;
104, 15.014322 0.319336 0.680664;
105, 0.099391 0.825684 0.263184;
106, 12.617115 0.227539 0.718262;
107, 12.607188 0.039062 0.677734;
108, 12.60852 0.106445 0.855957;
109, 0.254068 0.904785 0.113281;
110, 9.5365 0.391602 0.979004;
111, 9.520504 0.303711 0.351562;
112, 0.037594 0.987305 0.692871;
113, 0.024407 0.812988 0.581055;
114, 15.055015 0.592285 0.222168;
115, 16.45282 0.121582 0.390137;
116, 0.028703 0.980957 0.383789;
117, 21.241796 0.20752 0.796387;
118, 9.20867 0.541504 0.629883;
119, 9.196564 0.496094 0.947266;
120, 9.185532 0.23584 0.378418;
121, 2.833517 0.693359 0.944824;
122, 13.804839 0.260254 0.631348;
123, 13.868351 0.166016 0.14502;
124, 13.788618 0.251465 0.183105;
125, 13.81776 0.23291 0.953613;
126, 13.838137 0.102051 0.902344;
127, 13.825077 0.498047 0.753906;
128, 13.804564 0.479492 0.528809;
129, 15.070711 0.064941 0.032227;
130, 11.724804 0.663086 0.785645;
131, 13.446975 0.263184 0.653809;
132, 0.113857 0.82666 0.402344;
133, 7.658133 0.473145 0.012207;
134, 7.717287 0.210938 0.294922;
135, 0.139149 0.924805 0.490723;
136, 19.496605 0.192383 0.563965;
137, 0.135594 0.908203 0.137207;
138, 15.445156 0.286133 0.415527;
139, 0.07812 0.821777 0.408691;
140, 8.890216 0.407715 0.133789;
141, 8.873503 0.432129 0.815918;
142, 10.617765 0.109863 0.180176;
143, 8.893465 0.299316 0.589844;
144, 8.877514 0.518555 0.893066;
145, 8.893212 0.413086 0.31543;
146, 7.166034 0.62793 0.363281;
147, 8.933259 0.247559 0.408203;
148, 0.059665 0.84668 0.098633;
149, 0.018299 0.787109 0.544434;
150, 10.349723 0.450684 0.925293;
151, 11.519062 0.125 0.351074;
152, 0.04138 0.977539 0.64209;
153, 10.148568 0.398926 0.437988;
154, 2.842905 0.701172 0.106934;
155, 0.006222 0.837891 0.954102;
156, 0.022318 0.890137 0.266602;
157, 0.027443 0.791504 0.550781;
158, 10.716578 0.48291 0.913086;
159, 10.724847 0.417969 0.460449;
160, 12.294987 0.024902 0.445312;
161, 10.505768 0.682129 0.489746;
162, 10.604915 0.550781 0.504395;
163, 10.76016 0.286621 0.556152;
164, 11.448741 0.062988 0.041016;
165, 0.131387 0.743164 0.118164;
166, 0.00383 0.918945 0.678711;
167, 7.659626 0.491699 0.166504;
168, 7.292829 0.663574 0.567383;
169, 8.173716 0.397461 0.381836;
170, 8.210648 0.330566 0.394043;
171, 9.828954 0.012207 0.510254;
172, 0.56485 0.883789 0.904785;
173, 8.378822 0.435059 0.275391;
174, 12.079104 0.053223 0.684082;
175, 12.119331 0.114258 0.1875;
176, 0.141608 0.76416 0.96582;
177, 7.693252 0.645508 0.05957;
178, 7.718485 0.593262 0.560059;
179, 8.662149 0.239258 0.068359;
180, 7.682665 0.599121 0.122559;
181, 0.042533 0.839355 0.253906;
182, 19.412796 0.13623 0.925293;
183, 19.406189 0.092285 0.024902;
184, 18.853369 0.27832 0.861328;
185, 7.201473 0.671387 0.255859;
186, 7.532197 0.461914 0.755371;
187, 0.017958 0.855469 0.418457;
188, 8.31444 0.458008 0.682129;
189, 8.238447 0.524414 0.668945;
190, 8.243273 0.513184 0.055176;
191, 8.329803 0.210938 0.76709;
192, 0.123056 0.843262 0.091309;
193, 0.008141 0.908203 0.566895;
194, 9.632243 0.384766 0.57959;
195, 9.733857 0.206055 0.193848;
196, 9.729536 0.20166 0.388672;
197, 7.447902 0.649902 0.683594;
198, 0.011567 0.878418 0.098145;
199, 0.027819 0.749512 0.088379;
200, 14.704722 0.270508 0.312012;
201, 14.707088 0.331543 0.018555;
202, 14.709024 0.372559 0.90918;
203, 14.708266 0.37793 0.294922;
204, 14.696253 0.386719 0.854004;
205, 14.713152 0.254883 0.863281;
206, 14.713964 0.266602 0.89209;
207, 0.026593 0.760254 0.541016;
208, 12.295513 0.186035 0.791504;
209, 0.181936 0.92627 0.408691;
210, 11.731233 0.304199 0.097656;
211, 2.712581 0.700195 0.869141;
212, 12.336614 0.509277 0.322266;
213, 12.352985 0.479004 0.684082;
214, 0.016573 0.851074 0.316895;
215, 19.305494 0.620117 0.865723;
216, 19.645397 0.384277 0.128906;
217, 19.713917 0.402344 0.28125;
218, 19.740732 0.202637 0.768066;
219, 19.707464 0.217773 0.905273;
220, 19.6441 0.439453 0.816895;
221, 0.04107 0.797852 0.068848;
222, 23.519453 0.287598 0.426758;
223, 23.875093 0.143555 0.591797;
224, 0.070042 0.976562 0.828125;
225, 11.358614 0.071289 0.123535;
226, 9.602378 0.42334 0.736328;
227, 9.581365 0.467773 0.07959;
228, 12.846772 0.07666 0.98877;
229, 12.867768 0.069824 0.748535;
230, 9.606672 0.256836 0.419434;
231, 9.332405 0.57666 0.961914;
232, 10.413022 0.152344 0.40625;
233, 7.68718 0.680664 0.320312;
234, 0.003952 0.802246 0.314453;
235, 0.034751 0.996582 0.533691;
236, 1.991744 0.689941 0.858887;
237, 0.02707 0.883301 0.344727;
238, 6.822711 0.657227 0.663574;
239, 11.027297 0.032227 0.309082;
240, 0.331677 0.848145 0.918945;
241, 23.146313 0.057617 0.043457;
242, 0.027339 0.99707 0.141113;
243, 0.004317 0.899414 0.358398;
244, 8.675767 0.435547 0.202637;
245, 8.535724 0.55957 0.775879;
246, 8.566662 0.560059 0.181641;
247, 2.590416 0.721191 0.871582;
248, 10.976919 0.291992 0.075684;
249, 0.156813 0.893555 0.928223;
250, 16.840775 0.254883 0.053711;
251, 16.943157 0.123047 0.877441;
252, 16.926153 0.150879 0.94873;
253, 8.691161 0.54248 0.443359;
254, 8.835677 0.258301 0.608398;
255, 0.09146 0.826172 0.841309;
256, 18.642769 0.090332 0.285645;
257, 17.004454 0.319336 0.606445;
258, 14.586945 0.571777 0.342285;
259, 14.9735 0.181152 0.984863;
260, 14.874469 0.455566 0.769043;
261, 12.27869 0.71582 0.272949;
262, 17.380938 0.019531 0.099121;
263, 0.125452 0.754883 0.581055;
264, 13.668455 0.236816 0.236816;
265, 13.651279 0.425293 0.386719;
266, 2.858423 0.711914 0.119629;
267, 11.671262 0.137695 0.797852;
268, 10.832346 0.510254 0.881348;
269, 0.058785 0.851074 0.649414;
270, 16.288078 0.216309 0.10791;
271, 16.292494 0.408691 0.637207;
272, 0.101998 0.884766 0.989258;
273, 13.601964 0.256836 0.023926;
274, 13.760598 0.152832 0.693848;
275, 13.750733 0.222656 0.612305;
276, 13.775599 0.230957 0.449219;
277, 13.598988 0.318359 0.335449;
278, 14.886279 0.109375 0.580078;
279, 14.895562 0.115723 0.317383;
280, 14.908262 0.076172 0.568359;
281, 7.213642 0.636719 0.72168;
282, 7.161397 0.641602 0.791504;
283, 8.92091 0.313477 0.914062;
284, 0.087323 0.789062 0.422852;
285, 0.010779 0.87207 0.843262;
286, 0.042492 0.759277 0.019043;
287, 0.009819 0.839355 0.747559;
288, 10.07959 0.360352 0.619629;
289, 2.280846 0.710449 0.518066;
290, 8.726284 0.378418 0.972656;
291, 7.351714 0.542969 0.306152;
292, 7.489064 0.303711 0.421387;
293, 6.960294 0.683594 0.23584;
294, 12.8064 0.102539 0.361816;
295, 12.775469 0.023438 0.259277;
296, 2.285213 0.703125 0.717285;
297, 12.041172 0.148438 0.287109;
298, 0.388574 0.735352 0.151855;
299, 11.093324 0.273926 0.343262;
300, 0.825545 0.708008 0.87207;
301, 17.12421 0.014648 0.745117;
302, 13.740459 0.640137 0.721191;
303, 0.040976 0.80127 0.086426;
304, 19.935648 0.587402 0.557617;
305, 19.935764 0.666504 0.262207;
306, 19.942623 0.599609 0.615234;
307, 18.812876 0.697754 0.418945;
308, 0.008785 0.896484 0.527344;
309, 8.936514 0.423828 0.851562;
310, 7.287912 0.616211 0.741211;
311, 7.368837 0.472168 0.827148;
312, 11.791018 0.050781 0.864258;
313, 7.346361 0.241699 0.634766;
314, 2.481567 0.711426 0.175781;
315, 7.139271 0.54248 0.409668;
316, 7.271136 0.313477 0.199707;
317, 7.235684 0.481445 0.01709;
318, 7.139817 0.613281 0.680664;
319, 8.495205 0.308105 0.952637;
320, 9.919811 0.141602 0.883301;
321, 7.11515 0.604492 0.001465;
322, 2.613212 0.688965 0.426758;
323, 3.721958 0.508301 0.346191;
324, 3.205284 0.675293 0.522461;
325, 8.061596 0.154785 0.413086;
326, 8.053434 0.156738 0.87793;
327, 7.083701 0.432129 0.978027;
328, 2.4856 0.703125 0.850586;
329, 2.467731 0.725586 0.692871;
330, 1.501339 0.734375 0.844238;
331, 0.021203 0.839844 0.157715;
332, 0.010877 0.820312 0.578125;
333, 5.013041 0.667969 0.597656;
334, 8.650415 0.243164 0.363281;
335, 8.647353 0.452148 0.20459;
336, 4.383101 0.70166 0.854492;
337, 0.010833 0.935059 0.786133;
338, 9.468635 0.166016 0.026367;
339, 0.075341 0.78125 0.195312;
340, 17.564516 0.149414 0.613281;
341, 0.077794 0.819336 0.946289;
342, 17.699863 0.108398 0.098633;
343, 17.695742 0.228027 0.771973;
344, 0.312795 0.735352 0.35498;
345, 0.397245 0.720703 0.081055;
346, 0.401108 0.701172 0.200195;
347, 12.921781 0.166016 0.257324;
348, 12.51013 0.261719 0.172852;
349, 12.507215 0.360352 0.605957;
350, 0.059335 0.807129 0.413574;
351, 16.087095 0.549805 0.037109;
352, 18.478273 0.087891 0.143066;
353, 0.082472 0.822754 0.15332;
354, 0.050628 0.754395 0.780762;
355, 12.179329 0.270996 0.666016;
356, 12.207751 0.228027 0.35791;
357, 12.190016 0.495117 0.34668;
358, 13.173372 0.115723 0.280273;
359, 12.181207 0.351074 0.939941;
360, 12.200809 0.230957 0.55127;
361, 2.58778 0.708984 0.132324;
362, 5.865818 0.65625 0.703613;
363, 6.563881 0.395996 0.041016;
364, 6.589898 0.366211 0.552246;
365, 5.872303 0.650391 0.445801;
366, 0.029669 0.946777 0.144043;
367, 11.909444 0.090332 0.064941;
368, 8.263862 0.629883 0.803223;
369, 12.975658 0.099121 0.572754;
370, 12.956633 0.027832 0.02002;
371, 8.177891 0.683105 0.757812;
372, 0.0253 0.96582 0.897461;
373, 0.02179 0.931641 0.391602;
374, 11.554742 0.351562 0.346191;
375, 7.683131 0.645996 0.269043;
376, 11.157288 0.138672 0.040527;
377, 9.722707 0.294434 0.40625;
378, 7.700842 0.66748 0.333008;
379, 7.737916 0.597168 0.432617;
380, 0.055751 0.898438 0.280273;
381, 0.02312 0.768066 0.992676;
382, 0.005981 0.804688 0.436035;
383, 16.46567 0.429688 0.093262;
384, 16.459721 0.40918 0.81543;
385, 16.362352 0.537598 0.496582;
386, 16.416279 0.276855 0.314453;
387, 0.051559 0.770996 0.323242;
388, 0.03969 0.879395 0.879395;
389, 14.379444 0.044434 0.866211;
390, 0.090071 0.991699 0.475098;
391, 0.041516 0.745605 0.669922;
392, 0.04079 0.821777 0.677734;
393, 0.009253 0.996582 0.244629;
394, 1.339727 0.696777 0.123047;
395, 0.016486 0.983887 0.40918;
396, 9.580173 0.436523 0.259766;
397, 9.400728 0.574707 0.230469;
398, 9.856453 0.295898 0.508301;
399, 9.858002 0.43457 0.878906;
400, 9.867141 0.486816 0.148438;
401, 9.855983 0.304688 0.635742;
