0, 22.25724 0.286133 0.433594;
1, 9.27877 0.57959 0.47998;
2, 0.046856 0.896484 0.57373;
3, 19.986383 0.139648 0.123535;
4, 7.35867 0.615234 0.38623;
5, 0.039685 0.823242 0.672852;
6, 19.606604 0.146973 0.639648;
7, 19.329548 0.272949 0.837402;
8, 19.316216 0.310059 0.494629;
9, 15.245494 0.725586 0.066895;
10, 0.020731 0.812988 0.935547;
11, 12.232896 0.458496 0.086914;
12, 12.227376 0.34375 0.27832;
13, 12.318722 0.189941 0.047852;
14, 12.224086 0.249023 0.304199;
15, 12.183594 0.554199 0.832031;
16, 12.328212 0.273926 0.21582;
17, 12.167727 0.521484 0.230469;
18, 12.196321 0.228516 0.367188;
19, 12.208322 0.095215 0.098633;
20, 12.21623 0.147949 0.788086;
21, 12.201495 0.410156 0.818848;
22, 12.196446 0.358887 0.646484;
23, 12.206934 0.400391 0.082031;
24, 12.204337 0.412109 0.358398;
25, 12.661377 0.164551 0.280762;
26, 12.212657 0.307617 0.297852;
27, 0.018566 0.783691 0.578125;
28, 12.717394 0.353027 0.931152;
29, 10.142161 0.549805 0.356445;
30, 0.015212 0.937012 0.422852;
31, 6.102136 0.660156 0.312988;
32, 9.220222 0.344727 0.195801;
33, 4.880423 0.710938 0.056152;
34, 9.219253 0.397949 0.310059;
35, 0.103984 0.883301 0.960938;
36, 1.805424 0.690918 0.052734;
37, 10.489559 0.180176 0.758789;
38, 10.246718 0.427246 0.26709;
39, 0.053377 0.884766 0.498047;
40, 2.950898 0.683594 0.956543;
41, 3.142746 0.543945 0.546875;
42, 6.554251 0.117676 0.069336;
43, 0.089071 0.819336 0.458984;
44, 24.991604 0.047852 0.501953;
45, 24.994253 0.120605 0.897949;
46, 20.884432 0.725586 0.022461;
47, 21.920164 0.544922 0.290039;
48, 0.04061 0.805664 0.566895;
49, 14.60828 0.634277 0.319824;
50, 0.019703 0.810059 0.587891;
51, 13.546146 0.548828 0.095215;
52, 13.564309 0.502441 0.466309;
53, 13.561719 0.531738 0.944336;
54, 13.573038 0.323242 0.399902;
55, 0.082796 0.943359 0.710938;
56, 18.150188 0.612305 0.009766;
57, 0.009132 0.819336 0.623535;
58, 19.717178 0.283203 0.745605;
59, 19.836266 0.178223 0.154785;
60, 15.875312 0.716797 0.105469;
61, 19.868809 0.262207 0.541504;
62, 19.936121 0.177246 0.798828;
63, 15.873887 0.719727 0.678711;
64, 19.872404 0.14209 0.362793;
65, 19.868113 0.066895 0.02832;
66, 19.866692 0.209473 0.644043;
67, 19.414814 0.366211 0.749023;
68, 20.840288 0.025391 0.391113;
69, 19.416834 0.294922 0.344727;
70, 17.372391 0.571289 0.820801;
71, 17.593306 0.387207 0.118652;
72, 0.05023 0.946777 0.120605;
73, 0.007194 0.760254 0.796387;
74, 12.535737 0.313965 0.515137;
75, 7.092602 0.621582 0.722168;
76, 9.028536 0.496094 0.373047;
77, 9.04538 0.299316 0.493164;
78, 9.0276 0.515625 0.721191;
79, 9.044144 0.213379 0.73877;
80, 9.012385 0.407227 0.790039;
81, 9.046395 0.48877 0.483398;
82, 9.033044 0.314941 0.632324;
83, 10.905843 0.108887 0.087402;
84, 9.001617 0.529785 0.82373;
85, 0.034811 0.831055 0.378906;
86, 9.612152 0.370605 0.675781;
87, 9.622198 0.328613 0.956543;
88, 0.06946 0.812988 0.222168;
89, 0.083344 0.979492 0.696777;
90, 10.753631 0.638184 0.303711;
91, 0.038259 0.998047 0.835938;
92, 15.299396 0.336426 0.253906;
93, 0.187696 0.873047 0.864746;
94, 12.149319 0.312012 0.104492;
95, 12.168818 0.297852 0.785645;
96, 0.426071 0.736816 0.510254;
97, 4.31195 0.656738 0.07373;
98, 0.023576 0.750488 0.296875;
99, 14.838519 0.181641 0.217285;
100, 14.844032 0.163574 0.533691;
101, 0.073156 0.802734 0.532227;
102, 20.479826 0.60791 0.683594;
103, 0.030929 0.959473 0.885742;
104, 1.980347 0.685059 0.807129;
105, 9.663128 0.067383 0.828125;
106, 9.672275 0.054199 0.245117;
107, 7.542555 0.481934 0.851074;
108, 0.079369 0.824219 0.397949;
109, 12.473524 0.154785 0.734863;
110, 12.464996 0.137207 0.303223;
111, 0.144119 0.922363 0.516602;
112, 0.023992 0.949219 0.127441;
113, 0.023672 0.931152 0.35498;
114, 11.017119 0.354004 0.600586;
115, 11.005741 0.451172 0.94043;
116, 9.023806 0.533691 0.562988;
117, 9.102289 0.517578 0.714844;
118, 3.987056 0.691895 0.005859;
119, 4.745627 0.538086 0.682617;
120, 4.75392 0.539062 0.740723;
121, 0.046318 0.865234 0.337402;
122, 12.095198 0.080078 0.020508;
123, 12.087777 0.137207 0.083008;
124, 0.298188 0.893066 0.874023;
125, 0.031411 0.91748 0.993164;
126, 0.044039 0.969727 0.064941;
127, 12.297058 0.641602 0.560059;
128, 0.027663 0.875977 0.861328;
129, 7.557619 0.479492 0.238281;
130, 3.287079 0.687988 0.874512;
131, 8.14109 0.286621 0.01709;
132, 3.724634 0.538086 0.508789;
133, 0.015045 0.849121 0.213379;
134, 0.046053 0.825195 0.864258;
135, 0.010661 0.836426 0.587402;
136, 0.384387 0.720215 0.893555;
137, 11.337617 0.149414 0.39502;
138, 10.50222 0.376465 0.977539;
139, 0.378111 0.727539 0.629395;
140, 0.019229 0.744629 0.065918;
141, 8.488437 0.431152 0.194824;
142, 0.070154 0.758789 0.068848;
143, 0.989759 0.706055 0.425293;
144, 1.920474 0.67627 0.778809;
145, 0.011644 0.913086 0.234375;
146, 7.132769 0.580078 0.53418;
147, 0.083923 0.862305 0.925781;
148, 35.584148 0.249512 0.991211;
149, 2.268266 0.718262 0.597656;
150, 10.537714 0.338867 0.846191;
151, 11.388244 0.145996 0.220703;
152, 7.374364 0.609863 0.796387;
153, 0.00844 0.845703 0.610352;
154, 0.017405 0.795898 0.819336;
155, 11.038482 0.437012 0.304199;
156, 0.068457 0.941895 0.427246;
157, 14.202501 0.294922 0.773926;
158, 14.777787 0.090332 0.729492;
159, 0.072429 0.754883 0.271484;
160, 13.773757 0.263184 0.848145;
161, 13.761449 0.312988 0.925293;
162, 0.128228 0.834961 0.640625;
163, 9.2226 0.412598 0.568359;
164, 9.19756 0.337402 0.992188;
165, 10.839421 0.086426 0.203613;
166, 7.128317 0.615234 0.208496;
167, 9.389365 0.145996 0.820312;
168, 9.370895 0.075684 0.258789;
169, 8.625942 0.367676 0.556641;
170, 8.659204 0.404297 0.120605;
171, 12.691697 0.097656 0.035156;
172, 12.685258 0.091309 0.665039;
173, 2.291687 0.722656 0.270996;
174, 14.011596 0.114746 0.367676;
175, 7.000547 0.616211 0.362305;
176, 0.032239 0.835938 0.622559;
177, 7.066714 0.556641 0.813965;
178, 7.04439 0.602539 0.333984;
179, 8.166556 0.371094 0.555176;
180, 8.158142 0.464355 0.618652;
181, 8.182132 0.23584 0.687988;
182, 0.059907 0.84375 0.19873;
183, 25.241718 0.619141 0.447754;
184, 25.435589 0.404297 0.111816;
185, 0.180692 0.879395 0.973633;
186, 15.449136 0.023926 0.130859;
187, 14.239331 0.288086 0.275879;
188, 0.045887 0.973633 0.508789;
189, 16.182343 0.592285 0.973633;
190, 16.85309 0.152832 0.473633;
191, 16.582993 0.344238 0.600586;
192, 16.581558 0.382324 0.018555;
193, 0.065928 0.961426 0.077148;
194, 21.147306 0.123047 0.148438;
195, 20.610367 0.438477 0.189453;
196, 0.039598 0.801758 0.164551;
197, 0.027091 0.849121 0.339355;
198, 8.363296 0.462891 0.156738;
199, 0.054774 0.896484 0.745117;
200, 10.290521 0.367188 0.276367;
201, 0.060066 0.913086 0.23291;
202, 0.038881 0.797363 0.855957;
203, 13.965639 0.246582 0.344727;
204, 10.936728 0.55957 0.515137;
205, 11.778886 0.157227 0.480957;
206, 11.240025 0.330078 0.05957;
207, 11.234146 0.280762 0.843262;
208, 11.234304 0.265625 0.885254;
209, 10.249438 0.63916 0.00293;
210, 10.304154 0.499512 0.169922;
211, 11.948153 0.06543 0.984375;
212, 0.216009 0.899902 0.037598;
213, 12.19514 0.092773 0.015625;
214, 9.864647 0.258301 0.228516;
215, 0.027997 0.937988 0.978516;
216, 13.893578 0.245605 0.734375;
217, 13.914076 0.013184 0.247559;
218, 0.02784 0.992676 0.186523;
219, 11.134627 0.428223 0.291504;
220, 7.945874 0.642578 0.080566;
221, 0.035981 0.883789 0.09375;
222, 8.067039 0.511719 0.121582;
223, 7.764466 0.616211 0.173828;
224, 2.670297 0.727051 0.187988;
225, 0.014644 0.945312 0.655273;
226, 0.006856 0.843262 0.501953;
227, 12.901818 0.337402 0.064941;
228, 0.076298 0.942871 0.877441;
229, 0.017434 0.980957 0.148438;
230, 11.119881 0.124023 0.929199;
231, 0.244045 0.858887 0.509277;
232, 16.877096 0.63623 0.134277;
233, 0.05732 0.758301 0.571777;
234, 0.00574 0.825684 0.748047;
235, 15.666363 0.570312 0.276367;
236, 15.801805 0.428711 0.818848;
237, 15.806587 0.452148 0.982422;
238, 16.718458 0.126953 0.291992;
239, 15.797129 0.506836 0.009766;
240, 0.041175 0.996582 0.820801;
241, 0.007372 0.825684 0.591309;
242, 20.588106 0.127441 0.757324;
243, 20.581837 0.195312 0.058594;
244, 17.649084 0.649902 0.388672;
245, 19.53289 0.033203 0.149902;
246, 17.66081 0.674805 0.541016;
247, 19.610113 0.012207 0.98584;
248, 18.663851 0.262695 0.183105;
249, 17.654465 0.645508 0.897461;
250, 0.007225 0.921875 0.869629;
251, 5.898871 0.656738 0.648926;
252, 11.907656 0.096191 0.467773;
253, 4.174388 0.687988 0.191895;
254, 6.396085 0.395508 0.678711;
255, 0.067585 0.770508 0.992676;
256, 0.767502 0.707031 0.385742;
257, 13.404651 0.075195 0.352539;
258, 11.969193 0.447754 0.489258;
259, 13.422058 0.029785 0.47168;
260, 11.979663 0.46875 0.503418;
261, 12.701519 0.12793 0.710938;
262, 0.00589 0.990723 0.882324;
263, 7.415703 0.519531 0.168945;
264, 7.484612 0.205078 0.787598;
265, 0.108227 0.86084 0.085938;
266, 0.093922 0.728027 0.444824;
267, 0.056294 0.975098 0.065918;
268, 9.224505 0.458496 0.058105;
269, 9.222368 0.313965 0.538086;
270, 10.632187 0.05127 0.52002;
271, 10.654528 0.146973 0.756348;
272, 9.220431 0.422852 0.472656;
273, 9.220384 0.407715 0.373535;
274, 9.156466 0.535156 0.257812;
275, 0.032668 0.744141 0.070801;
276, 0.039086 0.835938 0.602051;
277, 19.464113 0.102539 0.54834;
278, 19.456505 0.233398 0.785645;
279, 8.764184 0.578125 0.887695;
280, 0.03808 0.773926 0.662598;
281, 15.993728 0.075684 0.334473;
282, 13.016009 0.376465 0.174316;
283, 4.489478 0.696777 0.648926;
284, 15.6354 0.371582 0.353027;
285, 17.931173 0.007324 0.957031;
286, 0.214133 0.891602 0.219238;
287, 7.406621 0.525391 0.743652;
288, 0.064471 0.897949 0.819336;
289, 18.888063 0.152344 0.702148;
290, 18.884378 0.194336 0.894043;
291, 18.555872 0.465332 0.575195;
292, 7.251609 0.614746 0.437012;
293, 7.230534 0.666992 0.562988;
294, 10.256607 0.333984 0.336426;
295, 0.114753 0.905762 0.432617;
296, 15.708788 0.115234 0.601562;
297, 15.721933 0.04834 0.675781;
298, 13.895876 0.427246 0.704102;
299, 0.005139 0.963867 0.57373;
300, 7.879848 0.478516 0.449707;
301, 7.451521 0.668945 0.310547;
302, 8.458018 0.401367 0.198242;
303, 0.073295 0.833984 0.549316;
304, 0.041319 0.973633 0.981445;
305, 9.977892 0.365723 0.981934;
306, 7.323755 0.616699 0.761719;
307, 0.021726 0.797363 0.464355;
308, 19.120182 0.07373 0.92334;
309, 0.109523 0.772461 0.569824;
310, 0.011743 0.95459 0.302246;
311, 0.012676 0.960938 0.277344;
312, 0.029905 0.75 0.01416;
313, 7.752517 0.601074 0.807617;
314, 8.671285 0.354492 0.20459;
315, 0.129972 0.894531 0.917969;
316, 9.812661 0.379395 0.460938;
317, 12.432261 0.083984 0.858398;
318, 8.761247 0.523438 0.385254;
319, 7.211353 0.621582 0.629883;
320, 7.196676 0.494629 0.098145;
321, 9.01971 0.104004 0.317871;
322, 7.203586 0.446777 0.09668;
323, 2.387305 0.697754 0.493652;
324, 18.116316 0.17627 0.993652;
325, 18.180754 0.096191 0.756348;
326, 18.156414 0.098633 0.345215;
327, 0.066781 0.791504 0.524414;
328, 11.371145 0.453125 0.473633;
329, 11.345931 0.355957 0.466797;
330, 11.346563 0.295898 0.434082;
331, 8.392485 0.6875 0.335938;
332, 9.017623 0.433594 0.764648;
333, 8.629814 0.65918 0.550293;
334, 12.204933 0.13623 0.488281;
335, 8.721032 0.536621 0.700195;
336, 0.020813 0.754883 0.598633;
337, 0.032841 0.758789 0.794434;
338, 12.500523 0.166992 0.660645;
339, 0.076038 0.800293 0.759766;
340, 14.848724 0.129883 0.850586;
341, 0.089502 0.804199 0.063477;
342, 0.73679 0.71582 0.467773;
343, 0.055843 0.749512 0.950195;
344, 0.051886 0.802734 0.943848;
345, 9.550159 0.60498 0.410156;
346, 9.535262 0.681641 0.053711;
347, 12.794404 0.244629 0.009766;
348, 12.801165 0.440918 0.496582;
349, 15.250766 0.109863 0.537109;
350, 9.534403 0.68457 0.055176;
351, 0.025604 0.995605 0.790527;
352, 9.547842 0.445312 0.503418;
353, 9.945906 0.167969 0.370605;
354, 9.533864 0.367676 0.079102;
355, 11.705268 0.09668 0.348633;
356, 0.447905 0.860352 0.824219;
357, 7.567917 0.477051 0.302246;
358, 7.479558 0.571289 0.191895;
359, 0.024232 0.987305 0.849609;
360, 0.00926 0.854004 0.47998;
361, 9.567001 0.384277 0.666504;
362, 9.546659 0.478516 0.35791;
363, 11.314812 0.018066 0.25293;
364, 0.218253 0.837891 0.490723;
365, 5.759645 0.65918 0.129395;
366, 5.777557 0.637695 0.347656;
367, 0.014908 0.796387 0.633301;
368, 0.020289 0.837402 0.504395;
369, 16.649059 0.297852 0.968262;
370, 0.195239 0.741211 0.960449;
371, 12.444816 0.002441 0.012695;
372, 10.870846 0.333008 0.529297;
373, 10.862967 0.439453 0.020508;
374, 10.961441 0.185547 0.073242;
375, 10.967868 0.230469 0.238281;
376, 10.864557 0.482422 0.682617;
377, 10.874393 0.334961 0.851562;
378, 10.864558 0.29834 0.275391;
379, 11.664279 0.148926 0.368164;
380, 0.066238 0.980469 0.601074;
381, 10.79433 0.161133 0.171387;
382, 0.191497 0.855469 0.608887;
383, 14.258837 0.169434 0.737305;
384, 8.426032 0.541016 0.105469;
385, 8.550889 0.257324 0.375977;
386, 8.723685 0.081543 0.819336;
387, 8.712722 0.165039 0.708496;
388, 8.731894 0.232422 0.705566;
389, 8.730106 0.214355 0.464355;
390, 8.70719 0.150879 0.513184;
391, 8.529984 0.242676 0.691895;
392, 7.243617 0.628906 0.239258;
393, 8.986312 0.27832 0.746582;
394, 0.1173 0.931152 0.035156;
395, 4.793199 0.67627 0.62793;
396, 4.758506 0.660645 0.688477;
397, 0.019241 0.79248 0.008789;
398, 2.825216 0.692871 0.550293;
399, 5.29538 0.572266 0.102051;
400, 5.266614 0.645996 0.448242;
401, 0.011559 0.850586 0.143066;
