0, 9.451648 0.23877 0.02002;
1, 0.674622 0.72998 0.23291;
2, 0.019659 0.994629 0.260254;
3, 0.034622 0.926758 0.54248;
4, 12.666613 0.06543 0.003418;
5, 11.131957 0.463379 0.553223;
6, 13.954234 0.083008 0.351562;
7, 11.128958 0.46875 0.419434;
8, 0.051448 0.810059 0.273438;
9, 2.159039 0.686523 0.317383;
10, 2.869001 0.648438 0.101562;
11, 5.35415 0.387695 0.25;
12, 5.358012 0.276855 0.177246;
13, 0.053601 0.775391 0.841797;
14, 13.253652 0.109375 0.768555;
15, 11.757458 0.237793 0.738281;
16, 11.736671 0.382812 0.469238;
17, 0.083441 0.922852 0.325195;
18, 0.009205 0.741699 0.304199;
19, 6.894733 0.564941 0.220215;
20, 7.316751 0.421387 0.668945;
21, 7.28925 0.451172 0.430176;
22, 9.457987 0.041016 0.317871;
23, 0.360048 0.843262 0.871582;
24, 22.047249 0.398438 0.34668;
25, 21.779827 0.604492 0.329102;
26, 20.334446 0.72998 0.047852;
27, 24.612865 0.335449 0.74707;
28, 21.379786 0.660645 0.043457;
29, 22.568798 0.187988 0.977051;
30, 21.423561 0.59375 0.427734;
31, 21.998438 0.161621 0.467285;
32, 21.42103 0.579102 0.155273;
33, 20.345226 0.696777 0.382812;
34, 26.524952 0.603027 0.882324;
35, 26.780098 0.365723 0.659668;
36, 27.473537 0.132812 0.590332;
37, 26.545174 0.559082 0.506348;
38, 26.653372 0.396973 0.65625;
39, 26.628868 0.312012 0.849609;
40, 0.129488 0.921875 0.452148;
41, 0.038591 0.743652 0.822754;
42, 7.604017 0.425781 0.585449;
43, 6.740155 0.639648 0.401855;
44, 0.012134 0.836426 0.;
45, 0.042057 0.939941 0.58252;
46, 7.114356 0.563965 0.956543;
47, 7.516976 0.390137 0.525391;
48, 8.03273 0.168457 0.158203;
49, 7.511945 0.508789 0.235352;
50, 0.013857 0.974609 0.007812;
51, 0.021961 0.990234 0.851074;
52, 16.281239 0.137207 0.262207;
53, 0.175888 0.915527 0.256348;
54, 5.044624 0.666992 0.411133;
55, 9.363369 0.197754 0.023438;
56, 9.202158 0.414551 0.743164;
57, 0.043808 0.87207 0.36377;
58, 0.006456 0.945801 0.54834;
59, 0.031379 0.955566 0.868652;
60, 7.211996 0.540039 0.6875;
61, 0.087148 0.970703 0.435547;
62, 0.013573 0.815918 0.740234;
63, 19.910906 0.071777 0.629395;
64, 18.958172 0.501465 0.776367;
65, 14.321122 0.58252 0.919922;
66, 0.01019 0.973633 0.821777;
67, 8.136659 0.463379 0.66748;
68, 7.46902 0.669922 0.247559;
69, 11.033606 0.14209 0.227539;
70, 11.023023 0.093262 0.384277;
71, 10.09845 0.500977 0.915039;
72, 11.769965 0.005371 0.696289;
73, 11.782316 0.123535 0.145996;
74, 10.096299 0.273926 0.449219;
75, 10.432986 0.039062 0.271973;
76, 7.624797 0.580078 0.179688;
77, 7.645161 0.518066 0.092285;
78, 10.908582 0.089355 0.473633;
79, 10.887844 0.21875 0.987793;
80, 0.176785 0.94043 0.413086;
81, 15.264861 0.123047 0.79248;
82, 9.273856 0.59375 0.615723;
83, 0.033628 0.750977 0.644531;
84, 2.33055 0.682129 0.005859;
85, 6.841735 0.371094 0.556641;
86, 2.320222 0.668457 0.947266;
87, 6.59903 0.267578 0.259277;
88, 6.932855 0.053223 0.407227;
89, 6.928525 0.049316 0.620605;
90, 6.933389 0.10498 0.351074;
91, 6.930753 0.210938 0.290527;
92, 6.926385 0.135742 0.302734;
93, 0.082818 0.79541 0.467285;
94, 0.03117 0.741211 0.32666;
95, 13.332591 0.12207 0.193359;
96, 12.71884 0.420898 0.240723;
97, 0.020443 0.800781 0.287109;
98, 18.785536 0.282227 0.389648;
99, 0.148518 0.740234 0.691406;
100, 13.151517 0.616699 0.331543;
101, 15.002971 0.138184 0.028809;
102, 14.977029 0.0625 0.203125;
103, 13.18533 0.648438 0.572266;
104, 13.238791 0.476562 0.345215;
105, 13.199768 0.409668 0.322754;
106, 14.549295 0.071289 0.460938;
107, 1.613975 0.692871 0.251953;
108, 2.225786 0.664062 0.777344;
109, 0.052253 0.752441 0.881836;
110, 0.007785 0.976562 0.500488;
111, 7.252046 0.567383 0.360352;
112, 8.746531 0.142578 0.571777;
113, 8.768883 0.103027 0.799805;
114, 8.74787 0.192871 0.69043;
115, 7.806462 0.494629 0.816406;
116, 7.760192 0.308105 0.912109;
117, 7.849488 0.239258 0.479492;
118, 2.83063 0.723633 0.926758;
119, 11.179548 0.157227 0.171875;
120, 11.169736 0.218262 0.288574;
121, 7.518068 0.599609 0.35498;
122, 0.015773 0.989746 0.874023;
123, 14.716973 0.224121 0.620117;
124, 14.732557 0.211914 0.48877;
125, 0.10403 0.922363 0.132324;
126, 11.206741 0.404785 0.902832;
127, 2.7063 0.725098 0.362305;
128, 8.946356 0.385742 0.151367;
129, 9.49484 0.149902 0.505371;
130, 0.11441 0.937988 0.742188;
131, 0.053396 0.883789 0.386719;
132, 9.667711 0.402832 0.618164;
133, 11.375967 0.038086 0.891113;
134, 9.637861 0.30957 0.320801;
135, 9.626359 0.335938 0.345215;
136, 9.64223 0.373535 0.19043;
137, 12.881999 0.01416 0.344238;
138, 0.255621 0.744629 0.104492;
139, 8.278666 0.428223 0.783691;
140, 0.019069 0.893066 0.104492;
141, 0.030735 0.744141 0.979492;
142, 0.031651 0.748535 0.373047;
143, 0.009071 0.918945 0.274414;
144, 0.035644 0.911133 0.374512;
145, 14.828484 0.266602 0.458984;
146, 0.123859 0.967773 0.279297;
147, 0.011838 0.800781 0.59082;
148, 16.720095 0.087402 0.381348;
149, 0.275855 0.850586 0.800781;
150, 13.700689 0.222656 0.799805;
151, 0.159009 0.920898 0.391602;
152, 0.018157 0.788086 0.46582;
153, 2.258297 0.688965 0.564453;
154, 0.078462 0.745117 0.499023;
155, 11.427018 0.316406 0.958984;
156, 11.407294 0.365723 0.239746;
157, 6.782465 0.620605 0.562988;
158, 6.825691 0.498047 0.927246;
159, 1.69941 0.702148 0.90625;
160, 16.00392 0.326172 0.182617;
161, 16.048668 0.375488 0.509277;
162, 15.972281 0.228027 0.833496;
163, 15.952108 0.46582 0.961426;
164, 0.041627 0.785645 0.139648;
165, 18.804996 0.044922 0.851562;
166, 17.822653 0.255371 0.373535;
167, 17.904667 0.158691 0.14209;
168, 0.117915 0.884277 0.068848;
169, 15.961788 0.187988 0.681641;
170, 9.604221 0.563477 0.583984;
171, 0.064839 0.871094 0.63916;
172, 9.188813 0.408203 0.433105;
173, 7.23821 0.62207 0.51416;
174, 8.918097 0.317871 0.365234;
175, 0.115916 0.831543 0.606445;
176, 0.941459 0.706543 0.836426;
177, 15.452899 0.245605 0.193359;
178, 15.47393 0.304199 0.016113;
179, 12.975799 0.638672 0.776855;
180, 14.783765 0.14209 0.953125;
181, 13.967272 0.327637 0.300781;
182, 13.003205 0.550781 0.523438;
183, 15.907977 0.065918 0.062988;
184, 15.904624 0.10498 0.736328;
185, 0.94555 0.731445 0.341797;
186, 0.014528 0.810547 0.396973;
187, 21.003695 0.232422 0.303711;
188, 21.001951 0.023926 0.558594;
189, 20.997929 0.196289 0.721191;
190, 21.004227 0.003906 0.596191;
191, 21.003521 0.05127 0.998535;
192, 0.344953 0.842773 0.854492;
193, 1.145288 0.699219 0.427246;
194, 16.949829 0.487793 0.59375;
195, 16.93144 0.507812 0.420898;
196, 0.037991 0.824707 0.356445;
197, 0.026327 0.931152 0.439941;
198, 11.160223 0.379883 0.339355;
199, 7.663705 0.663574 0.227051;
200, 0.057821 0.90332 0.358398;
201, 5.551259 0.666992 0.128906;
202, 5.772325 0.491211 0.733887;
203, 5.76302 0.458496 0.257812;
204, 0.059585 0.921875 0.830566;
205, 18.002588 0.028809 0.769043;
206, 0.290076 0.870117 0.519531;
207, 14.960344 0.026367 0.279785;
208, 7.349284 0.643066 0.179688;
209, 9.62364 0.259766 0.80127;
210, 9.671267 0.015137 0.11377;
211, 9.649268 0.299805 0.67334;
212, 2.426691 0.72998 0.272949;
213, 12.05401 0.630859 0.586914;
214, 12.057014 0.5625 0.187012;
215, 12.049975 0.473633 0.569336;
216, 12.066456 0.21875 0.141113;
217, 12.11609 0.259766 0.790527;
218, 12.108569 0.089844 0.952148;
219, 0.210045 0.835938 0.809082;
220, 0.008504 0.945312 0.986816;
221, 17.602503 0.322266 0.813477;
222, 7.331379 0.624512 0.616211;
223, 8.925733 0.334961 0.417969;
224, 2.449457 0.699707 0.308594;
225, 15.636082 0.617188 0.80957;
226, 0.023637 0.887695 0.566895;
227, 0.033347 0.987793 0.916016;
228, 0.019872 0.962402 0.275879;
229, 17.468939 0.083008 0.82666;
230, 2.70694 0.706543 0.767578;
231, 8.580383 0.366699 0.483887;
232, 8.583627 0.325684 0.825684;
233, 7.459127 0.608887 0.056641;
234, 0.014124 0.917969 0.196777;
235, 0.027885 0.769531 0.016602;
236, 14.931555 0.068359 0.093262;
237, 0.225371 0.893066 0.216309;
238, 0.010648 0.820801 0.695801;
239, 18.954727 0.125977 0.830566;
240, 18.123053 0.444336 0.578125;
241, 18.127619 0.393066 0.774414;
242, 0.037987 0.914551 0.456055;
243, 16.335997 0.061523 0.769043;
244, 0.280808 0.868652 0.401855;
245, 14.578511 0.15625 0.140137;
246, 0.153279 0.834473 0.300781;
247, 20.210405 0.051758 0.054688;
248, 9.206996 0.586426 0.366211;
249, 9.980829 0.331055 0.285156;
250, 0.066331 0.940918 0.471191;
251, 0.016676 0.856445 0.969727;
252, 22.830139 0.44043 0.23291;
253, 21.460304 0.721191 0.695312;
254, 21.449402 0.686035 0.179688;
255, 21.432014 0.714844 0.040039;
256, 22.428785 0.606445 0.183105;
257, 23.050158 0.247559 0.019531;
258, 21.444689 0.702148 0.556641;
259, 0.046794 0.95459 0.327637;
260, 0.018296 0.989746 0.272949;
261, 18.997713 0.599609 0.211426;
262, 18.997488 0.608887 0.60498;
263, 19.002857 0.669922 0.734375;
264, 19.955858 0.338379 0.508301;
265, 19.958483 0.222656 0.743652;
266, 0.090473 0.841797 0.846191;
267, 26.276569 0.182129 0.141113;
268, 0.030111 0.989258 0.622559;
269, 0.014199 0.812988 0.583984;
270, 16.686687 0.373535 0.751953;
271, 16.743578 0.198242 0.379395;
272, 16.751755 0.125 0.556152;
273, 16.75268 0.114746 0.128418;
274, 16.748911 0.11377 0.82959;
275, 0.136511 0.96582 0.514648;
276, 19.474913 0.147461 0.234375;
277, 19.104601 0.355469 0.362793;
278, 20.90447 0.003418 0.880859;
279, 2.754555 0.712891 0.633789;
280, 18.038982 0.608398 0.904297;
281, 18.18013 0.428711 0.653809;
282, 0.021787 0.950684 0.073242;
283, 2.437679 0.690918 0.672363;
284, 0.055256 0.790527 0.253418;
285, 13.748442 0.555176 0.000977;
286, 13.968323 0.358398 0.705566;
287, 13.960911 0.519043 0.828613;
288, 13.743198 0.558594 0.205566;
289, 15.16039 0.12793 0.631348;
290, 15.149508 0.059082 0.52002;
291, 0.119315 0.78125 0.076172;
292, 18.394735 0.294434 0.956055;
293, 12.853796 0.679199 0.388184;
294, 14.900976 0.203125 0.839844;
295, 0.278046 0.733398 0.288086;
296, 11.108814 0.228027 0.155273;
297, 7.427267 0.583008 0.750977;
298, 7.403858 0.597656 0.13623;
299, 10.634871 0.01709 0.068359;
300, 0.195137 0.806152 0.25;
301, 19.900694 0.491211 0.834473;
302, 19.723782 0.649414 0.810059;
303, 51.313656 0.063965 0.978516;
304, 19.733067 0.610352 0.675293;
305, 20.510815 0.578613 0.493652;
306, 0.061863 0.881836 0.666992;
307, 13.685087 0.62207 0.210449;
308, 13.715394 0.535645 0.95752;
309, 15.603473 0.102051 0.88916;
310, 13.713844 0.440918 0.228027;
311, 13.695082 0.40918 0.175781;
312, 13.74723 0.22998 0.450195;
313, 13.73288 0.443848 0.026855;
314, 16.309725 0.082031 0.442871;
315, 13.721197 0.250977 0.554688;
316, 13.707315 0.274902 0.480957;
317, 0.070296 0.799316 0.532715;
318, 15.904221 0.1875 0.738281;
319, 0.084449 0.835449 0.238281;
320, 0.014121 0.942383 0.92041;
321, 0.062563 0.939941 0.489746;
322, 17.409794 0.094238 0.47168;
323, 15.969588 0.369629 0.848633;
324, 15.977991 0.230957 0.066406;
325, 15.95246 0.316406 0.891113;
326, 15.959719 0.305664 0.924316;
327, 15.968298 0.416504 0.131836;
328, 17.11062 0.124512 0.414551;
329, 9.694111 0.573242 0.616699;
330, 2.7522 0.717773 0.336914;
331, 0.020362 0.985352 0.906738;
332, 14.786005 0.15332 0.728027;
333, 14.788657 0.175781 0.368164;
334, 14.36027 0.516113 0.51416;
335, 7.582419 0.630371 0.491699;
336, 11.061412 0.022461 0.032227;
337, 2.509361 0.709961 0.873047;
338, 10.502027 0.165039 0.710449;
339, 10.503064 0.028809 0.797852;
340, 9.957625 0.344238 0.438965;
341, 0.073018 0.905762 0.948242;
342, 9.233925 0.394043 0.003418;
343, 11.517916 0.094727 0.682617;
344, 7.276816 0.658691 0.332031;
345, 0.006507 0.824707 0.131836;
346, 7.560161 0.489258 0.546387;
347, 7.54196 0.442383 0.236328;
348, 7.159851 0.681641 0.619629;
349, 11.833081 0.01123 0.107422;
350, 11.828879 0.067871 0.240723;
351, 10.222888 0.294434 0.077148;
352, 0.018184 0.750488 0.370117;
353, 8.437673 0.423828 0.723145;
354, 8.43723 0.337402 0.433105;
355, 8.443988 0.293945 0.318359;
356, 8.461336 0.268555 0.312012;
357, 8.463494 0.272949 0.402344;
358, 8.420062 0.270508 0.306641;
359, 8.458002 0.219238 0.088867;
360, 8.130823 0.535645 0.584961;
361, 8.214704 0.254883 0.688477;
362, 8.09385 0.535156 0.176758;
363, 0.049885 0.935547 0.56543;
364, 7.257939 0.547852 0.991699;
365, 7.438058 0.348145 0.630371;
366, 2.481394 0.728516 0.550293;
367, 0.011887 0.9375 0.65332;
368, 7.257649 0.564941 0.020508;
369, 7.219043 0.615234 0.740234;
370, 8.618162 0.17627 0.077148;
371, 8.389365 0.369629 0.793457;
372, 8.388311 0.317383 0.367188;
373, 0.042526 0.972168 0.770996;
374, 0.027583 0.995117 0.828613;
375, 8.595542 0.65332 0.492676;
376, 11.551067 0.123535 0.530762;
377, 10.11923 0.463379 0.912598;
378, 0.075713 0.77832 0.17334;
379, 0.031321 0.964355 0.0625;
380, 20.511263 0.114258 0.310547;
381, 19.108751 0.432617 0.635254;
382, 19.120346 0.227539 0.118652;
383, 19.107708 0.395996 0.338867;
384, 19.274002 0.161133 0.719727;
385, 19.275711 0.097168 0.606934;
386, 10.988616 0.576172 0.305664;
387, 10.981878 0.539551 0.788574;
388, 12.59572 0.062988 0.274414;
389, 0.255758 0.930176 0.120117;
390, 11.632909 0.364746 0.287598;
391, 13.510277 0.069824 0.056641;
392, 13.542662 0.041504 0.886719;
393, 13.538977 0.108398 0.098145;
394, 0.161049 0.830078 0.081543;
395, 0.033087 0.897949 0.774414;
396, 21.517969 0.185059 0.381348;
397, 21.446665 0.436035 0.118652;
398, 0.081415 0.865723 0.643066;
399, 10.358408 0.392578 0.312988;
400, 10.367126 0.442383 0.058105;
401, 11.985338 0.060059 0.445801;
