0, 7.790937 0.389648 0.697266;
1, 0.453128 0.734863 0.380859;
2, 6.652206 0.584961 0.890625;
3, 10.887758 0.067383 0.379883;
4, 0.140984 0.835449 0.203613;
5, 21.207125 0.032715 0.444824;
6, 21.203554 0.150879 0.954102;
7, 9.31098 0.577637 0.945801;
8, 7.244909 0.681152 0.080078;
9, 11.04313 0.185059 0.162109;
10, 11.060093 0.223145 0.308594;
11, 10.929822 0.507324 0.381836;
12, 12.490964 0.076172 0.790527;
13, 0.094521 0.750488 0.239746;
14, 14.496783 0.280762 0.249023;
15, 8.326319 0.525391 0.040039;
16, 8.375109 0.351562 0.925781;
17, 8.255011 0.578613 0.695801;
18, 0.050633 0.893066 0.328125;
19, 7.261962 0.539062 0.959961;
20, 7.387041 0.30127 0.339844;
21, 0.106085 0.924805 0.108398;
22, 11.946248 0.27002 0.158691;
23, 0.008068 0.978516 0.833496;
24, 0.026132 0.981934 0.742188;
25, 11.493555 0.103027 0.243164;
26, 9.640152 0.539062 0.45752;
27, 0.018846 0.981445 0.050781;
28, 0.038171 0.835938 0.619629;
29, 0.041818 0.962402 0.585449;
30, 14.107796 0.613281 0.337402;
31, 14.192229 0.453613 0.434082;
32, 15.076287 0.125977 0.49707;
33, 14.17857 0.338379 0.46875;
34, 14.18767 0.507812 0.194336;
35, 14.192816 0.398926 0.879883;
36, 14.108293 0.620605 0.855957;
37, 15.950339 0.009766 0.524902;
38, 14.767455 0.455566 0.445312;
39, 14.782791 0.223633 0.258789;
40, 14.778705 0.300781 0.193359;
41, 15.326163 0.142578 0.53125;
42, 15.32911 0.019043 0.102539;
43, 15.339314 0.164551 0.501465;
44, 15.344125 0.075195 0.813965;
45, 14.760326 0.471191 0.938965;
46, 14.761971 0.513184 0.692383;
47, 15.954579 0.020508 0.758789;
48, 14.118734 0.541504 0.912598;
49, 14.110427 0.617676 0.693848;
50, 14.10405 0.526855 0.539062;
51, 15.34463 0.054688 0.868652;
52, 14.114468 0.608398 0.769531;
53, 0.008791 0.820312 0.465332;
54, 25.491888 0.092285 0.919434;
55, 0.208489 0.932129 0.018066;
56, 10.351938 0.195801 0.23291;
57, 8.010131 0.674316 0.804199;
58, 8.138885 0.500488 0.271484;
59, 0.024668 0.979492 0.893066;
60, 9.847363 0.151855 0.527344;
61, 9.867482 0.019531 0.544434;
62, 9.847371 0.101562 0.071777;
63, 9.394546 0.308105 0.947754;
64, 2.670532 0.696289 0.54834;
65, 17.489376 0.243652 0.695312;
66, 17.50766 0.464355 0.455078;
67, 15.616438 0.650391 0.208008;
68, 15.669883 0.550781 0.896973;
69, 16.839361 0.492188 0.993164;
70, 0.027451 0.804688 0.383301;
71, 21.450552 0.302734 0.330078;
72, 21.451548 0.330566 0.952148;
73, 21.880394 0.143066 0.695801;
74, 21.447355 0.339844 0.631836;
75, 21.446896 0.499023 0.866699;
76, 21.449797 0.241211 0.296387;
77, 17.744162 0.590332 0.753906;
78, 17.248846 0.664062 0.86084;
79, 50.315556 0.044434 0.959961;
80, 0.294142 0.882812 0.199219;
81, 17.569269 0.218262 0.133301;
82, 9.886983 0.602051 0.256348;
83, 10.874061 0.326172 0.52002;
84, 0.051673 0.825684 0.478027;
85, 8.614978 0.652832 0.367676;
86, 10.274386 0.263672 0.389648;
87, 10.447319 0.089844 0.283691;
88, 10.478939 0.019043 0.868652;
89, 0.136853 0.756836 0.27832;
90, 0.0165 0.986328 0.90332;
91, 9.047257 0.4375 0.205078;
92, 8.912464 0.61377 0.317871;
93, 10.087326 0.37793 0.770996;
94, 8.897916 0.591309 0.171387;
95, 11.689965 0.001465 0.42334;
96, 4.222701 0.6875 0.978027;
97, 0.01706 0.885742 0.990234;
98, 16.261122 0.101562 0.352539;
99, 7.187815 0.641113 0.662598;
100, 10.865851 0.04248 0.865723;
101, 10.826612 0.220215 0.490234;
102, 7.15515 0.647461 0.785156;
103, 2.310623 0.70459 0.582031;
104, 0.189406 0.740723 0.60498;
105, 11.097446 0.236328 0.832031;
106, 0.026168 0.758301 0.646484;
107, 13.655725 0.299316 0.27002;
108, 0.091048 0.789062 0.609375;
109, 18.5441 0.064453 0.081543;
110, 17.530355 0.341797 0.688477;
111, 10.737023 0.584961 0.094727;
112, 0.033588 0.828613 0.285156;
113, 9.711646 0.406738 0.093262;
114, 11.415367 0.047852 0.773926;
115, 9.680596 0.487305 0.207031;
116, 11.385902 0.045898 0.683594;
117, 9.245712 0.549805 0.792969;
118, 10.716843 0.13623 0.77832;
119, 10.695278 0.133789 0.598633;
120, 9.376823 0.249512 0.101562;
121, 9.464577 0.204102 0.785156;
122, 9.385782 0.40332 0.117676;
123, 12.37526 0.003418 0.437988;
124, 0.121977 0.758789 0.764648;
125, 0.018826 0.763672 0.161621;
126, 0.021674 0.784668 0.659668;
127, 0.045414 0.918457 0.937012;
128, 0.017143 0.79834 0.516113;
129, 12.963686 0.476074 0.632812;
130, 12.979604 0.213867 0.265137;
131, 12.952965 0.314453 0.962891;
132, 0.048257 0.986328 0.63623;
133, 4.769297 0.666992 0.256836;
134, 0.02867 0.959473 0.449707;
135, 7.773549 0.503906 0.861328;
136, 7.795714 0.506836 0.532715;
137, 7.810861 0.400391 0.04541;
138, 7.56045 0.665527 0.166016;
139, 7.842305 0.469238 0.686523;
140, 0.007487 0.809082 0.499512;
141, 20.385214 0.008301 0.199707;
142, 0.365023 0.911621 0.219727;
143, 10.252007 0.418945 0.035645;
144, 9.913806 0.532715 0.15332;
145, 0.011496 0.763184 0.756348;
146, 7.166273 0.567871 0.804199;
147, 0.009717 0.998535 0.345703;
148, 16.148336 0.216797 0.989746;
149, 0.029337 0.755371 0.833984;
150, 7.173474 0.538086 0.907227;
151, 2.561265 0.728516 0.162598;
152, 7.414159 0.490234 0.216309;
153, 7.436982 0.361328 0.8125;
154, 7.461366 0.438477 0.019043;
155, 8.821414 0.146973 0.400391;
156, 8.788975 0.098145 0.02832;
157, 7.411372 0.331055 0.932129;
158, 7.448447 0.232422 0.05127;
159, 7.462737 0.42041 0.776855;
160, 7.439322 0.30957 0.203613;
161, 7.404044 0.314941 0.335938;
162, 7.091715 0.663574 0.342773;
163, 8.487061 0.362305 0.186523;
164, 0.066349 0.86084 0.046387;
165, 9.914042 0.4375 0.640625;
166, 7.402065 0.655762 0.053711;
167, 9.775015 0.365234 0.661621;
168, 9.762807 0.253418 0.030273;
169, 9.923145 0.044434 0.47168;
170, 7.557373 0.535645 0.12793;
171, 7.475451 0.647461 0.841797;
172, 0.040112 0.770508 0.208008;
173, 0.065153 0.72998 0.150879;
174, 13.709062 0.273438 0.187988;
175, 6.608584 0.683594 0.934082;
176, 10.388552 0.119141 0.502441;
177, 9.193892 0.286133 0.722656;
178, 9.913583 0.02002 0.022949;
179, 9.939795 0.088867 0.837891;
180, 0.127765 0.702148 0.498535;
181, 0.117889 0.688965 0.09082;
182, 2.307278 0.57373 0.641602;
183, 2.574496 0.467773 0.262695;
184, 2.573598 0.395996 0.734863;
185, 3.707426 0.153809 0.480957;
186, 3.69951 0.175781 0.069336;
187, 3.70306 0.208984 0.558594;
188, 2.573484 0.391602 0.906738;
189, 5.307637 0.121094 0.005371;
190, 0.016569 0.987305 0.725098;
191, 13.703465 0.282715 0.944824;
192, 9.001993 0.586914 0.345703;
193, 7.474596 0.680176 0.966797;
194, 7.512024 0.624512 0.881348;
195, 7.528296 0.623047 0.207031;
196, 11.196479 0.07959 0.157715;
197, 9.420432 0.426758 0.100098;
198, 0.026453 0.964355 0.138184;
199, 20.034868 0.019043 0.234375;
200, 0.303342 0.974609 0.395996;
201, 23.180805 0.606934 0.898926;
202, 24.336378 0.001465 0.540039;
203, 23.164238 0.550293 0.494141;
204, 23.215092 0.632324 0.459473;
205, 0.02858 0.786133 0.509766;
206, 9.982301 0.557129 0.969727;
207, 10.132881 0.279785 0.408203;
208, 9.977497 0.529297 0.300293;
209, 9.96653 0.602051 0.160645;
210, 0.004734 0.966309 0.381836;
211, 8.909138 0.450195 0.710449;
212, 0.011945 0.78418 0.639648;
213, 10.588777 0.389648 0.697266;
214, 12.040133 0.109863 0.393066;
215, 12.054242 0.050293 0.001953;
216, 12.047682 0.225098 0.246582;
217, 12.021827 0.030273 0.682129;
218, 10.595566 0.47998 0.38916;
219, 12.205663 0.070312 0.498535;
220, 6.594169 0.727051 0.674805;
221, 13.437017 0.190918 0.638184;
222, 13.446215 0.082031 0.009766;
223, 13.441057 0.128906 0.972656;
224, 13.348015 0.461426 0.915527;
225, 0.011962 0.989746 0.894531;
226, 14.772416 0.146973 0.709473;
227, 9.289281 0.55957 0.396973;
228, 9.296949 0.584961 0.222656;
229, 9.336315 0.477539 0.660645;
230, 4.047928 0.691406 0.266113;
231, 0.018759 0.850098 0.526367;
232, 8.489463 0.434082 0.19043;
233, 2.351262 0.72168 0.606934;
234, 11.354472 0.263672 0.263672;
235, 11.503528 0.183105 0.46582;
236, 11.499503 0.084473 0.506348;
237, 11.343162 0.461426 0.515625;
238, 0.047602 0.856445 0.237793;
239, 0.020223 0.974609 0.525879;
240, 19.951065 0.265625 0.541504;
241, 0.033963 0.760254 0.634277;
242, 0.022257 0.903809 0.679688;
243, 7.072375 0.561523 0.452637;
244, 6.974993 0.683105 0.63623;
245, 2.413889 0.72168 0.882812;
246, 7.192492 0.508789 0.547363;
247, 7.169491 0.491699 0.168945;
248, 7.126458 0.368652 0.759277;
249, 7.122621 0.462402 0.31543;
250, 7.169919 0.467285 0.912109;
251, 7.192333 0.472168 0.050293;
252, 0.236666 0.745605 0.896973;
253, 0.239266 0.742188 0.911133;
254, 12.4588 0.081543 0.122559;
255, 10.904281 0.353027 0.135254;
256, 10.884034 0.259766 0.340332;
257, 10.966611 0.197266 0.562012;
258, 1.731849 0.685059 0.481445;
259, 0.056847 0.868652 0.493652;
260, 0.020974 0.864258 0.558105;
261, 0.005046 0.842773 0.172852;
262, 7.005461 0.57373 0.640625;
263, 7.799404 0.192383 0.135254;
264, 2.423381 0.703125 0.822754;
265, 2.411556 0.70459 0.760254;
266, 0.011821 0.938965 0.96875;
267, 16.214718 0.005859 0.01416;
268, 16.208031 0.192871 0.276367;
269, 15.040922 0.46582 0.154785;
270, 0.038907 0.990234 0.425781;
271, 0.080979 0.725098 0.451172;
272, 11.984357 0.197266 0.694824;
273, 0.032898 0.784668 0.649414;
274, 0.005808 0.79834 0.384766;
275, 0.926941 0.70752 0.571289;
276, 0.058794 0.808594 0.436523;
277, 15.552576 0.60498 0.300781;
278, 16.479128 0.16748 0.254883;
279, 16.18718 0.326172 0.819336;
280, 16.191259 0.510254 0.608398;
281, 15.552608 0.581543 0.849121;
282, 0.007383 0.95459 0.216309;
283, 9.764412 0.455566 0.191895;
284, 11.507576 0.019043 0.796875;
285, 9.78385 0.414551 0.595215;
286, 9.647619 0.562988 0.705566;
287, 3.175033 0.718262 0.246094;
288, 0.01928 0.82666 0.797363;
289, 16.906851 0.325684 0.728516;
290, 16.902811 0.384766 0.252441;
291, 0.10406 0.880371 0.612305;
292, 6.952172 0.583008 0.832031;
293, 7.191654 0.431641 0.83252;
294, 9.95054 0.108398 0.871094;
295, 7.159255 0.379883 0.303223;
296, 7.189082 0.397461 0.525879;
297, 7.208496 0.455078 0.303711;
298, 0.011581 0.835449 0.00293;
299, 10.304914 0.233887 0.159668;
300, 10.29905 0.45166 0.276855;
301, 0.035793 0.918457 0.214844;
302, 18.022999 0.293945 0.379395;
303, 0.109098 0.946289 0.459961;
304, 9.904277 0.212402 0.164551;
305, 9.920732 0.184082 0.177246;
306, 9.938153 0.175781 0.101074;
307, 7.85752 0.643555 0.457031;
308, 7.880767 0.505859 0.520996;
309, 0.065475 0.913086 0.969238;
310, 13.947793 0.274902 0.362305;
311, 13.954803 0.432129 0.487305;
312, 0.037185 0.876465 0.466797;
313, 7.399715 0.520508 0.961426;
314, 0.006054 0.899902 0.030273;
315, 11.170537 0.084961 0.779297;
316, 11.177679 0.149902 0.664551;
317, 11.157258 0.228027 0.882812;
318, 0.026306 0.967285 0.844238;
319, 6.668742 0.651367 0.905762;
320, 8.402539 0.301758 0.679199;
321, 8.399404 0.259277 0.426758;
322, 8.407644 0.225098 0.552246;
323, 8.373132 0.349121 0.57666;
324, 11.30988 0.11084 0.395508;
325, 11.351033 0.001953 0.574219;
326, 11.337562 0.009277 0.538086;
327, 6.731275 0.526367 0.276855;
328, 0.040511 0.896973 0.70166;
329, 7.023271 0.568848 0.977539;
330, 0.073556 0.88916 0.861816;
331, 1.869599 0.6875 0.183594;
332, 2.887667 0.635742 0.934082;
333, 46.69249 0.245605 0.941895;
334, 0.058207 0.792969 0.705566;
335, 9.974449 0.473145 0.84668;
336, 9.966193 0.325195 0.075195;
337, 0.045098 0.862793 0.291504;
338, 6.984736 0.595215 0.324707;
339, 7.064304 0.464844 0.120117;
340, 7.004945 0.631836 0.223145;
341, 7.185322 0.434082 0.15332;
342, 0.013887 0.836914 0.408203;
343, 19.598856 0.134277 0.477051;
344, 8.976606 0.583984 0.793945;
345, 12.817216 0.080078 0.047363;
346, 12.795984 0.062988 0.113281;
347, 9.576282 0.342773 0.058105;
348, 9.590583 0.387207 0.879883;
349, 0.033835 0.76709 0.96875;
350, 4.530055 0.658691 0.29541;
351, 3.020792 0.731934 0.649414;
352, 12.258758 0.159668 0.77002;
353, 11.95074 0.294922 0.42041;
354, 12.793263 0.132324 0.134766;
355, 11.939564 0.459961 0.160156;
356, 3.022487 0.710449 0.33252;
357, 10.762122 0.194336 0.718262;
358, 10.56565 0.408203 0.715332;
359, 0.086401 0.916504 0.333984;
360, 21.508579 0.057617 0.145996;
361, 10.468088 0.594238 0.962402;
362, 10.447415 0.59082 0.359863;
363, 11.330077 0.268555 0.304199;
364, 11.623378 0.022949 0.708008;
365, 7.594266 0.633301 0.040527;
366, 11.261479 0.004395 0.968262;
367, 9.511824 0.44043 0.356445;
368, 11.27706 0.064941 0.252441;
369, 11.288713 0.001465 0.20752;
370, 7.642215 0.53418 0.358398;
371, 7.767799 0.421875 0.836914;
372, 7.76799 0.277832 0.081543;
373, 0.031267 0.795898 0.664062;
374, 11.618739 0.587891 0.490723;
375, 11.62332 0.615234 0.955078;
376, 0.032749 0.801758 0.080566;
377, 0.03117 0.733398 0.013184;
378, 13.198565 0.118652 0.155762;
379, 0.120574 0.958984 0.512695;
380, 17.267128 0.046387 0.206543;
381, 10.302327 0.533203 0.999512;
382, 12.124274 0.106445 0.459961;
383, 0.266209 0.883301 0.334473;
384, 15.089697 0.61377 0.919434;
385, 15.098208 0.682129 0.962402;
386, 15.101748 0.682617 0.644043;
387, 0.032092 0.962891 0.436523;
388, 0.021348 0.811035 0.112793;
389, 7.614709 0.486328 0.40332;
390, 0.080307 0.867188 0.469727;
391, 13.589871 0.071777 0.976562;
392, 7.267612 0.671875 0.116699;
393, 0.004032 0.828613 0.386719;
394, 19.687206 0.020508 0.061035;
395, 0.273133 0.938477 0.040527;
396, 18.163731 0.087891 0.583496;
397, 0.13574 0.902344 0.075684;
398, 0.014866 0.904297 0.37207;
399, 9.281562 0.409668 0.404785;
400, 7.438993 0.667969 0.120605;
401, 12.588555 0.024414 0.990234;
