0, 0.068595 0.86084 0.34082;
1, 11.331528 0.378418 0.133301;
2, 7.396327 0.652832 0.572266;
3, 0.027164 0.768066 0.806641;
4, 16.949724 0.085449 0.641602;
5, 8.250712 0.595215 0.983398;
6, 9.005183 0.336426 0.482422;
7, 0.028318 0.776855 0.848633;
8, 0.034905 0.769531 0.024902;
9, 9.344732 0.578125 0.111816;
10, 0.036175 0.819336 0.154785;
11, 7.66909 0.486328 0.194336;
12, 7.664614 0.28125 0.859863;
13, 2.321702 0.706055 0.182617;
14, 0.191614 0.745605 0.960938;
15, 10.877372 0.234863 0.338867;
16, 10.887943 0.20459 0.047852;
17, 10.852637 0.245117 0.333496;
18, 0.060014 0.810059 0.887695;
19, 12.750088 0.62207 0.269043;
20, 13.889486 0.303223 0.92041;
21, 14.807216 0.017578 0.440918;
22, 13.935155 0.483887 0.509277;
23, 0.011993 0.80127 0.487305;
24, 17.992409 0.092773 0.634766;
25, 17.986254 0.228027 0.083984;
26, 12.904399 0.623535 0.788086;
27, 12.904619 0.541504 0.79248;
28, 13.603593 0.119629 0.208984;
29, 13.598641 0.117676 0.403809;
30, 12.893338 0.618652 0.430664;
31, 12.911276 0.48584 0.73291;
32, 12.903111 0.319336 0.910156;
33, 12.89425 0.275879 0.259766;
34, 12.905497 0.485352 0.227051;
35, 0.009275 0.807129 0.305176;
36, 0.013464 0.765137 0.115234;
37, 12.07834 0.345215 0.387207;
38, 12.084013 0.474121 0.479492;
39, 0.014605 0.938965 0.249023;
40, 0.046042 0.981934 0.478027;
41, 9.06708 0.433594 0.469727;
42, 12.609128 0.051758 0.642578;
43, 12.629593 0.050781 0.376953;
44, 0.155839 0.945312 0.666504;
45, 19.67897 0.319824 0.562988;
46, 19.680458 0.38623 0.130859;
47, 0.098523 0.911133 0.666992;
48, 0.022933 0.802246 0.713867;
49, 0.019705 0.769043 0.795898;
50, 11.07524 0.238281 0.566895;
51, 0.083964 0.908203 0.290039;
52, 0.049457 0.851562 0.16748;
53, 10.142151 0.37793 0.77832;
54, 10.242412 0.185059 0.172852;
55, 0.285469 0.887207 0.802734;
56, 0.006654 0.802246 0.15625;
57, 18.004812 0.457031 0.27832;
58, 18.012146 0.229492 0.169434;
59, 18.002232 0.15332 0.322266;
60, 16.296183 0.722656 0.228027;
61, 19.824877 0.345215 0.849121;
62, 0.070969 0.834961 0.162598;
63, 0.025805 0.799316 0.525391;
64, 17.995533 0.09668 0.501465;
65, 0.161685 0.86084 0.097656;
66, 17.725193 0.335938 0.839844;
67, 9.954767 0.565918 0.316895;
68, 13.022109 0.081543 0.388672;
69, 0.066049 0.767578 0.725098;
70, 7.720867 0.589844 0.299316;
71, 0.026359 0.779297 0.790527;
72, 7.931253 0.541992 0.746094;
73, 10.045002 0.058105 0.179688;
74, 0.510183 0.734863 0.71582;
75, 10.061174 0.337402 0.106445;
76, 11.511756 0.083496 0.275879;
77, 11.528602 0.06543 0.39209;
78, 7.198025 0.536133 0.710449;
79, 7.288437 0.384277 0.56543;
80, 7.168904 0.598145 0.780762;
81, 8.139297 0.255859 0.548828;
82, 8.120049 0.421875 0.115234;
83, 0.005084 0.96875 0.428711;
84, 0.009168 0.902344 0.276367;
85, 0.319906 0.718262 0.435059;
86, 11.843224 0.231934 0.088867;
87, 0.040179 0.753418 0.479492;
88, 0.024997 0.806641 0.216797;
89, 0.086136 0.955078 0.39502;
90, 0.018622 0.900391 0.254883;
91, 20.612177 0.262207 0.953125;
92, 0.058017 0.757812 0.155273;
93, 15.203559 0.633301 0.624023;
94, 16.475464 0.140137 0.951172;
95, 15.116321 0.633789 0.501465;
96, 15.139786 0.608887 0.753418;
97, 16.979458 0.03125 0.38623;
98, 16.963316 0.224121 0.657715;
99, 3.823718 0.716309 0.109375;
100, 0.042954 0.817871 0.912109;
101, 0.255397 0.720215 0.432617;
102, 6.681678 0.540039 0.782715;
103, 9.092428 0.03125 0.792969;
104, 6.813598 0.435059 0.179688;
105, 9.11354 0.025879 0.646973;
106, 6.810346 0.491211 0.363281;
107, 6.542368 0.675293 0.687012;
108, 8.633168 0.349121 0.373047;
109, 6.749778 0.574219 0.658203;
110, 7.270751 0.37207 0.707031;
111, 0.011952 0.816895 0.620605;
112, 0.025353 0.873535 0.241699;
113, 7.751806 0.500488 0.078613;
114, 7.731527 0.282227 0.230469;
115, 8.480484 0.042969 0.683105;
116, 7.664468 0.287598 0.577148;
117, 7.756608 0.48584 0.714355;
118, 7.735151 0.401367 0.437988;
119, 7.714336 0.281738 0.33252;
120, 8.429897 0.131836 0.513672;
121, 7.720496 0.377441 0.37793;
122, 7.501765 0.631836 0.818359;
123, 0.042156 0.953613 0.57666;
124, 14.957841 0.193359 0.487305;
125, 0.110391 0.913574 0.414062;
126, 18.219894 0.118164 0.374512;
127, 17.175959 0.292969 0.209473;
128, 9.723128 0.599121 0.580566;
129, 10.623372 0.319824 0.081543;
130, 10.786633 0.174316 0.169922;
131, 9.705095 0.57959 0.79541;
132, 11.312468 0.120117 0.938965;
133, 11.304979 0.057129 0.961426;
134, 9.708113 0.58252 0.111816;
135, 11.987148 0.019531 0.958984;
136, 2.736108 0.707031 0.098145;
137, 0.01586 0.75 0.624023;
138, 0.046857 0.855957 0.94043;
139, 15.382862 0.036621 0.160156;
140, 0.025681 0.978516 0.480469;
141, 3.33037 0.67627 0.924805;
142, 0.059677 0.913574 0.711914;
143, 16.729395 0.076172 0.808105;
144, 7.357832 0.64502 0.299805;
145, 0.01096 0.821289 0.51416;
146, 23.319744 0.331055 0.103516;
147, 23.931639 0.140137 0.31543;
148, 21.394644 0.615234 0.366699;
149, 24.01495 0.102051 0.192871;
150, 21.929056 0.378906 0.0625;
151, 21.401533 0.591797 0.111328;
152, 0.063394 0.869629 0.894043;
153, 12.011792 0.286621 0.873535;
154, 12.026604 0.236328 0.354492;
155, 12.033877 0.374512 0.269043;
156, 0.063017 0.833496 0.592285;
157, 6.924611 0.584473 0.267578;
158, 12.56307 0.072266 0.819824;
159, 6.996066 0.566406 0.312012;
160, 0.005129 0.837402 0.230957;
161, 2.260172 0.6875 0.023438;
162, 0.08266 0.747559 0.599121;
163, 0.047465 0.858887 0.522949;
164, 18.113811 0.098633 0.68457;
165, 16.720682 0.467285 0.627441;
166, 0.01456 0.753418 0.429199;
167, 8.050622 0.462891 0.891113;
168, 0.014503 0.833984 0.07666;
169, 17.403294 0.213867 0.580078;
170, 17.41354 0.242676 0.108398;
171, 2.407485 0.728027 0.360352;
172, 15.806796 0.09668 0.091797;
173, 14.030302 0.245117 0.05127;
174, 14.004783 0.489746 0.144043;
175, 15.262148 0.111328 0.522461;
176, 14.039836 0.298828 0.613281;
177, 6.998054 0.646484 0.26123;
178, 9.091341 0.336426 0.840332;
179, 2.406161 0.702637 0.88623;
180, 0.021713 0.767578 0.222168;
181, 13.385844 0.111328 0.911133;
182, 12.472899 0.348145 0.240723;
183, 12.461526 0.366211 0.54248;
184, 0.123133 0.940918 0.119141;
185, 7.442575 0.54248 0.958984;
186, 7.476094 0.486816 0.583984;
187, 9.608696 0.057617 0.855957;
188, 7.452617 0.349609 0.469238;
189, 7.451921 0.429688 0.334961;
190, 0.046754 0.869141 0.493652;
191, 7.036147 0.58252 0.423828;
192, 7.857769 0.255371 0.187012;
193, 7.963521 0.186523 0.957031;
194, 7.829974 0.4375 0.071289;
195, 7.029711 0.579102 0.541992;
196, 9.839777 0.026855 0.210938;
197, 9.846649 0.185547 0.960938;
198, 9.830106 0.132324 0.028809;
199, 9.819956 0.074707 0.560547;
200, 6.992007 0.621582 0.708496;
201, 8.218858 0.312988 0.739258;
202, 10.056749 0.099121 0.218262;
203, 8.230754 0.259766 0.825684;
204, 8.189838 0.328613 0.143555;
205, 7.023115 0.57373 0.327637;
206, 7.592236 0.370117 0.734375;
207, 7.587016 0.427246 0.576172;
208, 7.589793 0.349121 0.851074;
209, 7.56961 0.519531 0.138672;
210, 9.224769 0.130371 0.604492;
211, 7.629539 0.26416 0.833496;
212, 7.582379 0.505371 0.195312;
213, 0.437697 0.73877 0.506348;
214, 10.058169 0.335938 0.550781;
215, 0.012903 0.805176 0.162598;
216, 0.021331 0.754395 0.579102;
217, 0.008442 0.764648 0.040527;
218, 13.218236 0.276855 0.466797;
219, 13.227937 0.269531 0.452637;
220, 0.080051 0.959961 0.029785;
221, 0.028124 0.896484 0.555176;
222, 23.571789 0.587891 0.962891;
223, 0.010112 0.75293 0.651855;
224, 0.034509 0.844727 0.310547;
225, 11.616247 0.345703 0.619629;
226, 11.627141 0.464355 0.265137;
227, 0.006986 0.930664 0.335449;
228, 0.013767 0.800293 0.036133;
229, 21.142042 0.550293 0.287109;
230, 20.030651 0.707031 0.99707;
231, 61.900028 0.239746 0.832031;
232, 20.027918 0.724121 0.101074;
233, 21.135031 0.529297 0.435059;
234, 0.011804 0.798828 0.256348;
235, 0.035886 0.888184 0.019043;
236, 4.822596 0.662598 0.283203;
237, 6.535978 0.364746 0.680664;
238, 0.06744 0.973633 0.128906;
239, 15.43259 0.071289 0.059082;
240, 0.108524 0.780273 0.850586;
241, 48.723289 0.112305 0.90625;
242, 48.725441 0.077148 0.480469;
243, 48.722054 0.126953 0.623535;
244, 48.289017 0.297363 0.367676;
245, 48.308918 0.203613 0.285156;
246, 48.297028 0.249023 0.935547;
247, 48.297169 0.229004 0.644043;
248, 0.104231 0.885254 0.060059;
249, 15.686148 0.236328 0.61084;
250, 15.699145 0.460449 0.802246;
251, 0.037215 0.750977 0.687988;
252, 7.279046 0.529785 0.942871;
253, 0.030083 0.794922 0.407715;
254, 0.041791 0.760742 0.912598;
255, 13.820481 0.067871 0.358398;
256, 12.415421 0.390625 0.25293;
257, 12.3955 0.462402 0.60791;
258, 12.413451 0.306152 0.602051;
259, 12.51686 0.202148 0.435059;
260, 12.422661 0.416992 0.129883;
261, 7.505843 0.595703 0.022949;
262, 7.492417 0.504883 0.937012;
263, 0.056942 0.813477 0.185547;
264, 16.746778 0.260254 0.649414;
265, 0.038862 0.816406 0.996582;
266, 0.022334 0.867188 0.181152;
267, 8.220465 0.484375 0.022461;
268, 8.223879 0.247559 0.387695;
269, 8.251056 0.214355 0.155273;
270, 8.150407 0.592773 0.936035;
271, 2.584169 0.70166 0.88916;
272, 16.781147 0.008301 0.508301;
273, 0.088935 0.78125 0.96875;
274, 9.623358 0.384277 0.947266;
275, 0.069083 0.960938 0.436523;
276, 48.790905 0.230469 0.966309;
277, 9.325219 0.60791 0.963867;
278, 9.308445 0.55127 0.697754;
279, 9.521777 0.39209 0.727051;
280, 9.53628 0.479492 0.554688;
281, 2.603307 0.70166 0.388184;
282, 15.021195 0.067383 0.55957;
283, 7.031737 0.655762 0.891602;
284, 8.777216 0.359375 0.416504;
285, 0.036036 0.972656 0.638672;
286, 7.151929 0.566406 0.068848;
287, 9.742838 0.027344 0.664551;
288, 0.180374 0.938477 0.936523;
289, 14.92403 0.279785 0.509277;
290, 7.486987 0.619141 0.914551;
291, 0.230119 0.743164 0.605957;
292, 0.009566 0.98877 0.537598;
293, 9.361417 0.418945 0.801758;
294, 11.151478 0.020996 0.772949;
295, 9.336998 0.404297 0.195801;
296, 9.358742 0.292969 0.34082;
297, 9.373261 0.258789 0.878418;
298, 2.568606 0.706543 0.936523;
299, 15.594137 0.270508 0.091797;
300, 0.236007 0.88916 0.709473;
301, 15.01907 0.265625 0.37207;
302, 0.131073 0.910645 0.464844;
303, 0.032729 0.87793 0.974121;
304, 0.041869 0.782227 0.738281;
305, 10.339135 0.382324 0.592285;
306, 10.350398 0.467773 0.912109;
307, 9.536226 0.613281 0.281738;
308, 9.548659 0.478027 0.42041;
309, 9.553768 0.242188 0.453125;
310, 9.54013 0.612305 0.389648;
311, 10.757967 0.334473 0.322266;
312, 10.739157 0.357422 0.319824;
313, 10.735786 0.515625 0.408691;
314, 0.008669 0.840332 0.275879;
315, 0.028603 0.932617 0.217285;
316, 10.950665 0.372559 0.962891;
317, 11.027366 0.20166 0.29248;
318, 11.040291 0.144531 0.961914;
319, 10.944335 0.282227 0.180664;
320, 11.502081 0.097168 0.020996;
321, 10.928747 0.430664 0.376465;
322, 10.931948 0.30127 0.531738;
323, 11.958907 0.066895 0.739258;
324, 7.713308 0.641113 0.647461;
325, 0.011377 0.961914 0.674805;
326, 16.30674 0.262207 0.586914;
327, 0.276786 0.744629 0.208984;
328, 12.503038 0.249023 0.875;
329, 0.02923 0.780762 0.835938;
330, 9.484341 0.421387 0.010742;
331, 0.089605 0.917969 0.700684;
332, 14.251818 0.306152 0.89502;
333, 0.050127 0.820312 0.711914;
334, 0.021517 0.796387 0.634766;
335, 0.020915 0.835449 0.645996;
336, 14.046931 0.605469 0.558105;
337, 15.872635 0.043457 0.114746;
338, 15.881532 0.184082 0.175293;
339, 0.094381 0.825684 0.27002;
340, 7.60454 0.48584 0.717773;
341, 8.724667 0.148926 0.96875;
342, 8.702355 0.058105 0.987305;
343, 7.563577 0.391602 0.98584;
344, 11.361477 0.023438 0.038574;
345, 11.356063 0.110352 0.389648;
346, 0.007538 0.980469 0.214844;
347, 11.147124 0.169434 0.157227;
348, 11.165079 0.050781 0.97998;
349, 10.898141 0.316895 0.228027;
350, 0.032539 0.994141 0.438477;
351, 1.317576 0.700684 0.962891;
352, 0.028806 0.884766 0.230957;
353, 18.485708 0.134277 0.07959;
354, 17.503614 0.280762 0.747559;
355, 0.083842 0.896973 0.254395;
356, 7.192126 0.567383 0.102539;
357, 0.028292 0.839844 0.300293;
358, 8.042585 0.452637 0.294434;
359, 7.968429 0.599121 0.169434;
360, 8.022816 0.480957 0.955078;
361, 7.253036 0.651367 0.395508;
362, 0.037173 0.83252 0.341309;
363, 7.543114 0.511719 0.859375;
364, 0.010199 0.812012 0.918945;
365, 18.336393 0.030762 0.137695;
366, 18.333202 0.073242 0.643555;
367, 18.337593 0.19043 0.888672;
368, 17.30582 0.432129 0.180664;
369, 18.224266 0.12793 0.631836;
370, 17.299871 0.396973 0.416016;
371, 17.30611 0.266113 0.808594;
372, 17.305687 0.489258 0.847656;
373, 18.328608 0.03418 0.850098;
374, 18.324877 0.009766 0.391113;
375, 12.688063 0.521973 0.192871;
376, 0.05357 0.931641 0.686523;
377, 0.023238 0.969727 0.693848;
378, 14.067771 0.636719 0.392578;
379, 14.969234 0.227539 0.614258;
380, 15.010694 0.164062 0.880371;
381, 14.976624 0.433594 0.564453;
382, 16.127628 0.000488 0.804199;
383, 0.259739 0.855469 0.000488;
384, 7.089686 0.580566 0.816895;
385, 0.008713 0.864258 0.338867;
386, 0.028237 0.904297 0.708984;
387, 36.793522 0.245605 0.858398;
388, 36.80666 0.158691 0.178711;
389, 36.806339 0.22168 0.851562;
390, 36.802486 0.174805 0.654785;
391, 16.899229 0.484375 0.478516;
392, 1.279302 0.73291 0.768555;
393, 0.005435 0.744141 0.108887;
394, 12.573256 0.260742 0.706055;
395, 0.048616 0.789551 0.812988;
396, 0.028495 0.894043 0.169922;
397, 19.299864 0.32959 0.233398;
398, 3.918431 0.6875 0.598633;
399, 0.041499 0.878418 0.53418;
400, 16.72518 0.084961 0.517578;
401, 0.02583 0.992676 0.498535;
