0, 50.83939 0.270996 0.958008;
1, 20.192368 0.393555 0.489746;
2, 20.125599 0.519531 0.004883;
3, 20.287954 0.168457 0.450195;
4, 0.040543 0.80127 0.046387;
5, 23.809902 0.258301 0.463379;
6, 20.122976 0.695801 0.405762;
7, 20.911482 0.649902 0.358398;
8, 21.395082 0.384766 0.447266;
9, 21.406361 0.485352 0.211426;
10, 21.392796 0.404785 0.833496;
11, 22.227673 0.015625 0.598145;
12, 0.181144 0.746582 0.930664;
13, 6.75094 0.547363 0.10791;
14, 7.040592 0.299316 0.56543;
15, 0.162557 0.741211 0.350098;
16, 0.056999 0.842285 0.265137;
17, 0.019504 0.775391 0.624512;
18, 0.017359 0.748047 0.932617;
19, 6.983173 0.592773 0.429199;
20, 8.146947 0.358887 0.621094;
21, 0.071568 0.967285 0.349609;
22, 7.300212 0.537598 0.493652;
23, 7.322751 0.523438 0.634277;
24, 7.323464 0.329102 0.629883;
25, 7.326862 0.328125 0.113281;
26, 7.346704 0.311523 0.897461;
27, 0.121819 0.862305 0.729004;
28, 0.024027 0.815918 0.572266;
29, 0.037198 0.795898 0.018066;
30, 0.436453 0.71875 0.541992;
31, 6.626321 0.5625 0.515137;
32, 7.040248 0.259766 0.391113;
33, 0.044377 0.760254 0.229492;
34, 0.029575 0.918945 0.547852;
35, 15.459599 0.123535 0.929199;
36, 0.195643 0.899414 0.713867;
37, 49.672558 0.127441 0.888672;
38, 49.674408 0.078613 0.395508;
39, 49.679028 0.137695 0.589844;
40, 0.1992 0.896484 0.081055;
41, 18.834486 0.309082 0.349121;
42, 18.833031 0.513184 0.021973;
43, 10.140486 0.563477 0.246094;
44, 0.02473 0.910156 0.768066;
45, 35.77013 0.10498 0.996094;
46, 8.133381 0.61084 0.717285;
47, 10.798019 0.444336 0.384766;
48, 10.810692 0.466797 0.884766;
49, 10.795717 0.398438 0.507324;
50, 0.029927 0.908691 0.081543;
51, 14.899424 0.22168 0.869629;
52, 14.925116 0.034668 0.79541;
53, 14.917519 0.114746 0.452637;
54, 14.895877 0.327637 0.894043;
55, 9.548647 0.563965 0.357422;
56, 34.032047 0.410645 0.998535;
57, 34.563446 0.006348 0.749023;
58, 34.037968 0.374512 0.446777;
59, 34.024193 0.314941 0.206055;
60, 0.190926 0.88916 0.94873;
61, 0.04779 0.817383 0.64209;
62, 2.319084 0.677734 0.229492;
63, 10.009417 0.016113 0.867188;
64, 2.296183 0.691895 0.82959;
65, 7.702487 0.220215 0.83252;
66, 0.205833 0.919434 0.392578;
67, 9.096601 0.437988 0.840332;
68, 7.617194 0.675781 0.05957;
69, 10.42648 0.225098 0.842773;
70, 0.052174 0.750977 0.525391;
71, 7.283047 0.581055 0.805176;
72, 0.008964 0.959961 0.630859;
73, 0.012889 0.91748 0.283691;
74, 10.229987 0.400391 0.912109;
75, 10.259984 0.239258 0.469727;
76, 7.453802 0.63623 0.442871;
77, 0.056586 0.990723 0.371094;
78, 16.101421 0.10791 0.859375;
79, 9.549237 0.61084 0.580566;
80, 9.55079 0.535645 0.848145;
81, 9.662499 0.420898 0.786133;
82, 11.372553 0.014648 0.680176;
83, 9.632069 0.466797 0.477051;
84, 9.620035 0.269531 0.069336;
85, 9.962424 0.137207 0.;
86, 4.475119 0.688965 0.531738;
87, 5.381998 0.438477 0.209473;
88, 5.397917 0.244141 0.523438;
89, 0.089561 0.816406 0.828613;
90, 18.182772 0.211914 0.380859;
91, 18.18457 0.070801 0.179199;
92, 18.149149 0.508301 0.626953;
93, 12.607161 0.682617 0.174805;
94, 12.623013 0.602539 0.841797;
95, 12.63553 0.546387 0.800781;
96, 12.744765 0.414551 0.728027;
97, 0.030742 0.776367 0.89502;
98, 7.714715 0.544434 0.204102;
99, 10.017401 0.004883 0.322266;
100, 10.030182 0.038086 0.763184;
101, 0.235822 0.898926 0.081543;
102, 0.06086 0.890625 0.986816;
103, 0.035748 0.984375 0.640137;
104, 11.527495 0.348633 0.765625;
105, 0.051174 0.783691 0.870117;
106, 8.577931 0.544922 0.742188;
107, 8.775763 0.227051 0.695801;
108, 8.742451 0.318359 0.146973;
109, 8.540846 0.669434 0.70166;
110, 0.021212 0.90918 0.450684;
111, 10.502419 0.639648 0.428711;
112, 0.061788 0.892578 0.952637;
113, 17.695713 0.061035 0.325195;
114, 7.202632 0.629395 0.767578;
115, 3.126566 0.687988 0.399902;
116, 0.023929 0.83252 0.560059;
117, 6.321332 0.658691 0.504883;
118, 0.006396 0.958496 0.991699;
119, 15.024748 0.051758 0.478516;
120, 15.020867 0.142578 0.988281;
121, 15.027715 0.168457 0.588379;
122, 0.151452 0.918457 0.351562;
123, 0.025981 0.816406 0.022949;
124, 0.02847 0.965332 0.271484;
125, 0.031631 0.890625 0.211914;
126, 18.507986 0.114258 0.972656;
127, 17.356112 0.46875 0.38916;
128, 0.006988 0.978027 0.655273;
129, 4.81497 0.662109 0.733398;
130, 5.022473 0.489746 0.713379;
131, 3.99787 0.700195 0.499512;
132, 3.987889 0.703125 0.569824;
133, 13.358723 0.034668 0.605469;
134, 11.912889 0.458008 0.491699;
135, 0.023616 0.987305 0.800293;
136, 16.035269 0.09668 0.654297;
137, 0.218344 0.854492 0.424316;
138, 14.931292 0.230957 0.588867;
139, 2.381081 0.721191 0.259277;
140, 7.62935 0.475098 0.154297;
141, 0.017018 0.952148 0.073242;
142, 8.019099 0.505371 0.887695;
143, 10.828421 0.102051 0.124023;
144, 0.302073 0.898438 0.552246;
145, 0.011996 0.867188 0.740234;
146, 8.065439 0.447266 0.842773;
147, 10.663593 0.110352 0.318848;
148, 7.986038 0.320801 0.036621;
149, 9.463826 0.095215 0.641602;
150, 8.057499 0.377441 0.242188;
151, 8.06207 0.291504 0.240723;
152, 0.024805 0.756836 0.329102;
153, 7.39887 0.597168 0.357422;
154, 7.431893 0.496094 0.854004;
155, 7.433971 0.594238 0.480469;
156, 3.393876 0.730957 0.770508;
157, 13.0552 0.003906 0.813965;
158, 7.79159 0.537598 0.937012;
159, 9.050622 0.147461 0.839844;
160, 7.783948 0.586426 0.352539;
161, 0.046918 0.816895 0.944336;
162, 3.857022 0.668945 0.890137;
163, 5.024654 0.403809 0.97168;
164, 3.880865 0.677246 0.27832;
165, 8.687826 0.334961 0.897949;
166, 8.679079 0.237305 0.697754;
167, 0.146572 0.970215 0.211914;
168, 8.446145 0.458496 0.772461;
169, 8.313824 0.562012 0.074219;
170, 8.376842 0.476074 0.203613;
171, 8.410256 0.317383 0.958984;
172, 8.935528 0.169434 0.134277;
173, 8.88684 0.00293 0.895996;
174, 8.340419 0.456055 0.604004;
175, 9.241154 0.148438 0.099609;
176, 8.386272 0.464844 0.937988;
177, 11.605553 0.091797 0.139648;
178, 11.58899 0.142578 0.068848;
179, 8.410378 0.269043 0.520508;
180, 8.809125 0.146973 0.523926;
181, 0.210459 0.849609 0.489746;
182, 0.027278 0.925293 0.963867;
183, 7.051401 0.561035 0.98584;
184, 7.054253 0.567871 0.83252;
185, 0.042684 0.821289 0.112305;
186, 7.184818 0.544922 0.178711;
187, 7.179664 0.563965 0.113281;
188, 7.639051 0.327637 0.541504;
189, 9.555192 0.072266 0.431641;
190, 7.648582 0.507812 0.946289;
191, 0.012872 0.79834 0.910645;
192, 11.891175 0.379395 0.13916;
193, 11.867775 0.362305 0.079102;
194, 0.059555 0.950195 0.763672;
195, 9.323477 0.277344 0.263672;
196, 9.405082 0.200684 0.598633;
197, 0.067521 0.768066 0.61084;
198, 15.833899 0.096191 0.839844;
199, 0.246688 0.901855 0.641602;
200, 0.051512 0.776367 0.240234;
201, 0.013607 0.89209 0.12793;
202, 0.044654 0.805176 0.544922;
203, 14.126496 0.599121 0.773926;
204, 15.357526 0.146973 0.403809;
205, 14.713187 0.365234 0.914551;
206, 14.137643 0.540039 0.649414;
207, 14.256806 0.204102 0.150879;
208, 0.183409 0.897461 0.478516;
209, 6.576464 0.65918 0.785156;
210, 8.861853 0.316895 0.447266;
211, 8.849196 0.312988 0.191406;
212, 8.865961 0.499512 0.540527;
213, 10.739771 0.046875 0.781738;
214, 6.661582 0.602051 0.338379;
215, 6.556525 0.619629 0.471191;
216, 8.068674 0.302734 0.410645;
217, 9.153315 0.140137 0.458984;
218, 5.355939 0.720703 0.803711;
219, 13.406789 0.034668 0.02832;
220, 8.837646 0.550781 0.945801;
221, 0.037939 0.968262 0.104492;
222, 1.006613 0.70166 0.214355;
223, 12.784847 0.202148 0.237305;
224, 12.767113 0.208496 0.01123;
225, 12.685513 0.369141 0.166504;
226, 13.015675 0.171875 0.378906;
227, 0.05919 0.829102 0.149902;
228, 17.518213 0.280273 0.296875;
229, 17.785604 0.096191 0.36377;
230, 0.08067 0.782715 0.597656;
231, 9.786584 0.503418 0.740723;
232, 9.782094 0.442871 0.80127;
233, 11.517106 0.009766 0.05957;
234, 9.799296 0.539551 0.96875;
235, 9.860044 0.362305 0.042969;
236, 0.103221 0.925781 0.581055;
237, 7.882123 0.462891 0.877441;
238, 7.913219 0.403809 0.502441;
239, 7.863256 0.507324 0.64502;
240, 7.777829 0.532227 0.762207;
241, 8.505952 0.164062 0.225586;
242, 0.275057 0.887695 0.944824;
243, 9.335094 0.378906 0.030273;
244, 12.068661 0.102539 0.98584;
245, 12.094843 0.068359 0.024414;
246, 7.230256 0.680664 0.730957;
247, 7.207846 0.615723 0.839355;
248, 8.101337 0.370117 0.148926;
249, 7.160874 0.617676 0.799805;
250, 0.011129 0.890137 0.392578;
251, 0.023452 0.788086 0.836914;
252, 17.493183 0.087891 0.266602;
253, 0.315095 0.891602 0.916504;
254, 16.429785 0.260254 0.08252;
255, 0.131842 0.931641 0.038086;
256, 10.280082 0.229004 0.212402;
257, 0.03452 0.838379 0.131348;
258, 20.737717 0.241211 0.487305;
259, 20.748543 0.049316 0.070312;
260, 20.741129 0.423828 0.621582;
261, 2.471824 0.707031 0.327637;
262, 0.019835 0.974121 0.166992;
263, 0.036618 0.966797 0.744141;
264, 18.595758 0.021484 0.243164;
265, 9.969106 0.609863 0.297363;
266, 2.619284 0.700195 0.643555;
267, 15.935926 0.354492 0.387207;
268, 0.055491 0.9375 0.695801;
269, 16.795877 0.280762 0.208496;
270, 0.168023 0.887207 0.958008;
271, 7.420308 0.492188 0.601074;
272, 7.819004 0.180176 0.596191;
273, 7.820537 0.070312 0.950684;
274, 7.452901 0.25293 0.633789;
275, 7.419382 0.475098 0.147461;
276, 0.102968 0.936523 0.328613;
277, 20.886137 0.255859 0.939941;
278, 8.952341 0.544922 0.988281;
279, 9.12003 0.267578 0.571777;
280, 9.268053 0.194336 0.592773;
281, 0.041654 0.802246 0.891602;
282, 0.023791 0.799805 0.619141;
283, 0.07599 0.907715 0.747559;
284, 14.462828 0.185059 0.174316;
285, 14.455338 0.060547 0.293457;
286, 7.364604 0.67627 0.128418;
287, 10.22691 0.333008 0.129883;
288, 10.241364 0.26416 0.106445;
289, 0.017576 0.753418 0.57959;
290, 0.017911 0.75 0.383301;
291, 0.020248 0.740234 0.207031;
292, 11.998931 0.281738 0.574219;
293, 6.912682 0.644531 0.133789;
294, 0.068289 0.877441 0.599121;
295, 15.837709 0.235352 0.119141;
296, 15.844376 0.268066 0.594727;
297, 2.445135 0.710938 0.566406;
298, 12.176469 0.021973 0.347656;
299, 10.581191 0.294434 0.645508;
300, 10.705109 0.180176 0.112305;
301, 10.585159 0.242676 0.058105;
302, 10.574273 0.336426 0.851562;
303, 7.438052 0.5625 0.661133;
304, 0.05163 0.788086 0.794434;
305, 0.022993 0.789062 0.07959;
306, 23.206959 0.161133 0.963379;
307, 0.126804 0.928711 0.325195;
308, 0.020339 0.946289 0.583984;
309, 1.312983 0.69873 0.564453;
310, 0.010007 0.949707 0.803711;
311, 8.200184 0.452637 0.713867;
312, 10.153572 0.038574 0.213867;
313, 8.164359 0.460938 0.443848;
314, 0.021201 0.933105 0.144531;
315, 17.08882 0.067383 0.063965;
316, 8.111598 0.679688 0.214844;
317, 11.418169 0.269043 0.083496;
318, 0.117641 0.845703 0.859375;
319, 24.759544 0.208984 0.592773;
320, 22.776676 0.549805 0.60791;
321, 0.080742 0.854492 0.385254;
322, 7.032184 0.580078 0.35498;
323, 7.629761 0.408203 0.635254;
324, 7.651464 0.224609 0.801758;
325, 7.573765 0.434082 0.861816;
326, 0.032618 0.926758 0.316406;
327, 13.556876 0.077148 0.049316;
328, 2.735006 0.727051 0.362305;
329, 0.039161 0.899902 0.287598;
330, 7.040138 0.572266 0.777832;
331, 7.624946 0.35498 0.99707;
332, 7.070374 0.618164 0.205566;
333, 10.485447 0.041504 0.578613;
334, 7.051045 0.680176 0.652832;
335, 7.056479 0.583496 0.531738;
336, 0.017716 0.818359 0.517578;
337, 23.861744 0.135254 0.387695;
338, 23.289593 0.290039 0.217773;
339, 23.289135 0.258789 0.053223;
340, 23.297636 0.217285 0.439941;
341, 23.296772 0.066895 0.660156;
342, 23.29566 0.054199 0.453613;
343, 23.278814 0.393555 0.301758;
344, 23.280188 0.509277 0.607422;
345, 24.299557 0.108887 0.941895;
346, 23.281536 0.506836 0.338379;
347, 23.279137 0.468262 0.855469;
348, 24.053316 0.037598 0.941406;
349, 23.282484 0.355469 0.059082;
350, 23.280561 0.410645 0.074219;
351, 0.08549 0.936523 0.15332;
352, 0.034909 0.97168 0.87793;
353, 0.033194 0.929199 0.077148;
354, 17.469721 0.635742 0.085938;
355, 18.364019 0.219238 0.314941;
356, 0.237514 0.878418 0.930176;
357, 7.692161 0.47998 0.938965;
358, 7.600333 0.580078 0.669434;
359, 0.046813 0.924316 0.660645;
360, 0.031086 0.975098 0.58252;
361, 19.141718 0.221191 0.55957;
362, 19.127359 0.448242 0.060059;
363, 0.585973 0.736328 0.611816;
364, 10.014583 0.254883 0.959473;
365, 0.841147 0.711426 0.586426;
366, 17.267391 0.610352 0.459961;
367, 17.26265 0.549316 0.206543;
368, 17.417383 0.191895 0.916992;
369, 0.189752 0.882324 0.176758;
370, 7.595702 0.529785 0.334473;
371, 0.108394 0.863281 0.901367;
372, 17.877634 0.291992 0.084473;
373, 17.876654 0.34375 0.816895;
374, 17.868042 0.430664 0.405762;
375, 18.861668 0.047363 0.166504;
376, 2.302315 0.718262 0.571777;
377, 10.909322 0.293457 0.714844;
378, 10.897373 0.43457 0.185059;
379, 10.920287 0.227539 0.317871;
380, 10.890445 0.270508 0.748047;
381, 11.137891 0.027344 0.350586;
382, 11.148728 0.051758 0.242188;
383, 2.429503 0.687012 0.941406;
384, 2.437108 0.61084 0.418945;
385, 2.288718 0.731934 0.645996;
386, 0.022295 0.914551 0.614258;
387, 21.074797 0.618164 0.329102;
388, 21.618481 0.24707 0.030273;
389, 21.672419 0.203125 0.37793;
390, 21.641392 0.509766 0.585938;
391, 0.025836 0.755859 0.617676;
392, 15.359976 0.081055 0.169922;
393, 2.821989 0.715332 0.120117;
394, 8.079088 0.652832 0.635254;
395, 0.013795 0.978027 0.076172;
396, 12.791859 0.111328 0.081055;
397, 11.416001 0.443359 0.820312;
398, 0.05912 0.889648 0.260742;
399, 15.750854 0.634277 0.581055;
400, 15.745509 0.546387 0.944336;
401, 15.764422 0.525879 0.382324;
