0, 9.828494 0.445801 0.315918;
1, 10.774051 0.125488 0.156738;
2, 9.69874 0.529785 0.233398;
3, 9.829342 0.197754 0.896973;
4, 9.741195 0.248535 0.407715;
5, 9.76475 0.410645 0.141113;
6, 0.052892 0.831055 0.960938;
7, 0.044128 0.907227 0.450684;
8, 13.687473 0.206055 0.626465;
9, 13.679887 0.150879 0.010742;
10, 0.073875 0.957031 0.885742;
11, 8.929698 0.412598 0.890625;
12, 10.772893 0.010742 0.908691;
13, 8.590396 0.536133 0.945801;
14, 8.597429 0.603027 0.847168;
15, 9.448974 0.287109 0.374023;
16, 8.64017 0.553223 0.44043;
17, 8.888185 0.289062 0.606445;
18, 9.47132 0.094727 0.758789;
19, 8.905861 0.389648 0.644531;
20, 8.941469 0.219238 0.717773;
21, 8.915843 0.231934 0.106934;
22, 7.366888 0.648438 0.676758;
23, 0.024599 0.852051 0.839844;
24, 7.403279 0.505371 0.65918;
25, 12.240272 0.137207 0.716797;
26, 2.302227 0.710449 0.808105;
27, 3.175356 0.663574 0.544922;
28, 5.217035 0.382324 0.974609;
29, 5.217377 0.516602 0.693848;
30, 7.969725 0.025879 0.750488;
31, 0.283462 0.929199 0.384277;
32, 9.458878 0.211426 0.488281;
33, 0.218518 0.893066 0.79541;
34, 0.0183 0.906738 0.35791;
35, 16.478817 0.188965 0.128418;
36, 16.476147 0.224121 0.111328;
37, 9.823383 0.595215 0.75293;
38, 9.834811 0.575195 0.724121;
39, 9.855262 0.542969 0.105957;
40, 10.800514 0.147461 0.625;
41, 9.929267 0.375 0.189941;
42, 9.92886 0.307617 0.665527;
43, 11.020243 0.065918 0.530762;
44, 11.039929 0.21875 0.86084;
45, 9.913644 0.373047 0.163086;
46, 9.918011 0.36084 0.785156;
47, 9.948835 0.447266 0.554199;
48, 9.964871 0.251953 0.703125;
49, 9.946507 0.438477 0.103027;
50, 0.007189 0.816895 0.331543;
51, 25.636871 0.1875 0.485352;
52, 25.577074 0.420898 0.84375;
53, 21.622044 0.604492 0.775391;
54, 0.02893 0.955078 0.54834;
55, 7.335942 0.520508 0.577148;
56, 7.380082 0.291504 0.098145;
57, 7.390039 0.544922 0.1875;
58, 7.402621 0.520996 0.597656;
59, 7.340649 0.362305 0.398438;
60, 0.085711 0.923828 0.092773;
61, 12.576958 0.342285 0.583496;
62, 7.637488 0.657227 0.017578;
63, 12.069567 0.047363 0.090332;
64, 10.45388 0.283203 0.339355;
65, 2.724902 0.702148 0.143555;
66, 12.8561 0.32666 0.993164;
67, 13.527888 0.12207 0.875977;
68, 2.723573 0.730469 0.923828;
69, 7.305096 0.505371 0.484375;
70, 7.288667 0.285645 0.759277;
71, 0.124533 0.931641 0.40332;
72, 7.7833 0.502441 0.501465;
73, 7.795722 0.386719 0.143555;
74, 7.508097 0.615723 0.462891;
75, 8.740617 0.358398 0.73877;
76, 0.121009 0.891113 0.727051;
77, 0.046372 0.836426 0.669434;
78, 0.022314 0.888184 0.641602;
79, 16.664383 0.084961 0.722168;
80, 0.125848 0.760254 0.384766;
81, 8.07458 0.470215 0.192871;
82, 0.002581 0.984375 0.108887;
83, 17.320896 0.622559 0.518555;
84, 17.342939 0.49707 0.78418;
85, 18.346685 0.01709 0.899414;
86, 17.307991 0.419922 0.12793;
87, 17.295031 0.370605 0.217773;
88, 0.077345 0.949707 0.619629;
89, 9.868931 0.39209 0.740723;
90, 7.407791 0.644531 0.652344;
91, 0.020787 0.847656 0.376953;
92, 0.025154 0.862305 0.739746;
93, 11.974247 0.60791 0.972168;
94, 12.70663 0.353516 0.687988;
95, 0.058923 0.853516 0.104004;
96, 16.439745 0.265625 0.495117;
97, 16.546127 0.108887 0.728027;
98, 7.486941 0.645996 0.948242;
99, 0.006537 0.929199 0.789062;
100, 0.037251 0.977051 0.855957;
101, 0.01264 0.914551 0.390625;
102, 6.962626 0.594727 0.909668;
103, 9.642851 0.121582 0.02002;
104, 7.905534 0.23877 0.477051;
105, 7.906915 0.395508 0.529297;
106, 8.437422 0.15332 0.401367;
107, 2.446409 0.690918 0.575195;
108, 5.292819 0.371582 0.862305;
109, 3.567312 0.539062 0.362793;
110, 7.119552 0.022461 0.049316;
111, 0.07591 0.778809 0.398438;
112, 0.022338 0.77832 0.838379;
113, 10.442328 0.353516 0.87793;
114, 0.025437 0.826172 0.605469;
115, 21.319067 0.282715 0.325684;
116, 21.316559 0.381836 0.023438;
117, 0.09386 0.970215 0.983398;
118, 17.845621 0.119141 0.789062;
119, 17.834698 0.064453 0.927246;
120, 2.482511 0.725586 0.25;
121, 14.246967 0.00293 0.824707;
122, 14.247056 0.172363 0.625488;
123, 14.244675 0.112793 0.604004;
124, 0.244958 0.74707 0.730957;
125, 10.224744 0.351074 0.34668;
126, 10.213104 0.275879 0.369629;
127, 10.215721 0.336426 0.416504;
128, 0.236378 0.734863 0.120117;
129, 13.939141 0.098145 0.503418;
130, 11.192915 0.472168 0.233398;
131, 11.193891 0.362793 0.744629;
132, 0.063696 0.96582 0.271973;
133, 0.653038 0.709473 0.869629;
134, 6.826046 0.507324 0.501953;
135, 6.807445 0.445801 0.60498;
136, 0.037316 0.796875 0.231934;
137, 21.151484 0.088379 0.501953;
138, 17.071785 0.608398 0.954102;
139, 17.207008 0.422852 0.916992;
140, 16.681391 0.652344 0.963867;
141, 0.020624 0.796387 0.864746;
142, 18.299004 0.608887 0.583496;
143, 18.815348 0.391602 0.259277;
144, 7.328702 0.728027 0.481445;
145, 0.015485 0.766602 0.413086;
146, 13.793568 0.007812 0.197754;
147, 4.831365 0.723145 0.244629;
148, 10.958054 0.369141 0.283203;
149, 11.173002 0.185547 0.881836;
150, 8.152834 0.663574 0.124023;
151, 11.351075 0.289062 0.88916;
152, 11.849856 0.005859 0.974121;
153, 0.479889 0.855957 0.790527;
154, 0.021223 0.744629 0.187012;
155, 7.384596 0.478027 0.931641;
156, 7.30365 0.592285 0.846191;
157, 8.221119 0.35791 0.789551;
158, 0.014427 0.772461 0.312988;
159, 3.69675 0.672852 0.189453;
160, 7.175762 0.35791 0.09375;
161, 7.308024 0.201172 0.961914;
162, 4.055033 0.604492 0.181641;
163, 3.679423 0.645508 0.181152;
164, 7.75536 0.174316 0.816895;
165, 7.466724 0.435059 0.05127;
166, 0.011316 0.812012 0.162598;
167, 7.038226 0.567871 0.428711;
168, 0.008392 0.811035 0.157227;
169, 18.001106 0.015137 0.493164;
170, 16.959673 0.425293 0.561523;
171, 7.231839 0.673828 0.862305;
172, 0.034681 0.963867 0.17334;
173, 7.433517 0.528809 0.511719;
174, 7.420408 0.575684 0.026367;
175, 11.120057 0.111816 0.692383;
176, 8.349553 0.313477 0.681152;
177, 10.153982 0.124512 0.039062;
178, 0.096616 0.808594 0.385254;
179, 17.714748 0.39502 0.485352;
180, 17.308739 0.583984 0.60791;
181, 18.010426 0.165039 0.874512;
182, 0.059352 0.778809 0.928223;
183, 11.740701 0.308105 0.35791;
184, 0.093202 0.799316 0.500977;
185, 1.405144 0.699219 0.60791;
186, 17.922194 0.029785 0.706055;
187, 15.080174 0.680176 0.383789;
188, 0.015467 0.955566 0.699219;
189, 0.057788 0.928223 0.131836;
190, 0.019317 0.783691 0.341797;
191, 11.32459 0.449707 0.394531;
192, 12.835606 0.052246 0.122559;
193, 0.134331 0.962891 0.600098;
194, 7.500156 0.517578 0.366211;
195, 7.516381 0.34082 0.183594;
196, 0.080902 0.86084 0.220215;
197, 0.027541 0.952637 0.927246;
198, 7.985149 0.651855 0.516113;
199, 9.776152 0.278809 0.177734;
200, 10.168727 0.15918 0.380859;
201, 10.170043 0.199219 0.479492;
202, 0.055283 0.943359 0.779297;
203, 3.099824 0.670898 0.170898;
204, 2.814055 0.728027 0.692871;
205, 0.03015 0.886719 0.064941;
206, 17.732166 0.186035 0.155762;
207, 0.093981 0.859375 0.047363;
208, 22.436798 0.292969 0.275391;
209, 22.432732 0.29834 0.80957;
210, 22.799501 0.018555 0.912109;
211, 22.803749 0.005859 0.666016;
212, 10.076985 0.59668 0.551758;
213, 0.128754 0.867676 0.95752;
214, 12.280357 0.27002 0.710449;
215, 0.188261 0.741211 0.46875;
216, 12.524431 0.249023 0.138672;
217, 0.067517 0.830566 0.364258;
218, 3.761944 0.676758 0.083008;
219, 3.873088 0.557617 0.010742;
220, 0.02277 0.9375 0.091797;
221, 16.653667 0.23584 0.532227;
222, 0.141457 0.942871 0.20752;
223, 10.75819 0.366211 0.592773;
224, 0.095263 0.970215 0.354004;
225, 0.006341 0.778809 0.003418;
226, 17.439732 0.00293 0.666016;
227, 17.439699 0.223145 0.682617;
228, 9.651738 0.696289 0.714844;
229, 9.64807 0.702637 0.456055;
230, 0.010839 0.87793 0.573242;
231, 15.388054 0.3125 0.112305;
232, 15.388979 0.442871 0.09082;
233, 15.40545 0.291992 0.974121;
234, 15.397977 0.291504 0.893066;
235, 0.092562 0.84668 0.212891;
236, 7.166085 0.563965 0.397461;
237, 7.998846 0.171875 0.153809;
238, 8.027589 0.232422 0.686035;
239, 0.062056 0.82959 0.811523;
240, 22.413496 0.29248 0.743164;
241, 22.414921 0.499023 0.164062;
242, 18.813238 0.672852 0.225586;
243, 0.010274 0.750488 0.21875;
244, 14.845346 0.125488 0.546875;
245, 13.852834 0.467285 0.070312;
246, 15.118839 0.008301 0.990234;
247, 13.858887 0.458008 0.913086;
248, 13.844658 0.423828 0.46582;
249, 15.103777 0.016113 0.442383;
250, 7.637784 0.632812 0.702637;
251, 10.912604 0.041504 0.77002;
252, 3.978123 0.688965 0.222656;
253, 6.725378 0.368164 0.845215;
254, 6.695666 0.333008 0.378906;
255, 4.498987 0.620117 0.63623;
256, 4.867981 0.447266 0.429199;
257, 3.717433 0.693848 0.395508;
258, 11.144404 0.304688 0.517578;
259, 11.977829 0.050293 0.621094;
260, 11.967737 0.166016 0.002441;
261, 7.859726 0.547852 0.347168;
262, 8.073048 0.22998 0.072754;
263, 8.121075 0.432129 0.182129;
264, 8.122249 0.364746 0.689941;
265, 7.511276 0.651367 0.408691;
266, 9.931511 0.172363 0.134277;
267, 9.459281 0.453125 0.817871;
268, 9.458203 0.299805 0.230957;
269, 9.456587 0.247559 0.670898;
270, 9.422707 0.421387 0.660156;
271, 10.524093 0.129883 0.744141;
272, 10.539404 0.233887 0.265137;
273, 0.009405 0.986328 0.400391;
274, 2.223068 0.685059 0.274902;
275, 9.848206 0.339355 0.076172;
276, 9.843579 0.261719 0.529785;
277, 9.846188 0.394531 0.423828;
278, 0.008395 0.979004 0.266113;
279, 22.939779 0.016602 0.929199;
280, 9.394581 0.542969 0.321289;
281, 0.018816 0.905273 0.648926;
282, 49.900692 0.086914 0.977051;
283, 49.363571 0.272949 0.641113;
284, 49.369053 0.269531 0.469238;
285, 2.37837 0.724609 0.170898;
286, 14.861615 0.040527 0.347168;
287, 13.591229 0.254395 0.392578;
288, 6.992135 0.677246 0.744629;
289, 0.018966 0.813965 0.975098;
290, 48.762493 0.291016 0.939453;
291, 48.891788 0.059082 0.531738;
292, 48.761536 0.382324 0.918457;
293, 11.45805 0.623535 0.243164;
294, 11.47267 0.559082 0.429199;
295, 11.450139 0.533203 0.379883;
296, 11.448208 0.657715 0.347168;
297, 0.035399 0.771484 0.334473;
298, 12.551419 0.207031 0.320801;
299, 9.306184 0.521973 0.854004;
300, 0.461257 0.732422 0.975586;
301, 9.595814 0.629395 0.681152;
302, 11.976153 0.129395 0.68457;
303, 9.592506 0.57373 0.037598;
304, 10.095504 0.25293 0.833496;
305, 9.57561 0.623535 0.771973;
306, 0.036521 0.780762 0.091797;
307, 3.265028 0.68457 0.586914;
308, 3.21536 0.6875 0.495117;
309, 9.529186 0.314453 0.514648;
310, 0.064958 0.930176 0.086914;
311, 10.885383 0.125977 0.98291;
312, 9.760941 0.248535 0.147949;
313, 9.76284 0.28125 0.069336;
314, 0.00381 0.990234 0.287598;
315, 7.23906 0.558105 0.884766;
316, 7.359157 0.458496 0.148926;
317, 0.038041 0.757324 0.129395;
318, 15.245357 0.142578 0.748047;
319, 14.89728 0.453125 0.008301;
320, 4.150856 0.689453 0.858887;
321, 8.648106 0.29541 0.475098;
322, 8.64928 0.376953 0.851562;
323, 0.045195 0.846191 0.677734;
324, 13.688272 0.009766 0.806641;
325, 2.276655 0.713379 0.268555;
326, 10.492598 0.328613 0.735352;
327, 0.044408 0.86377 0.198242;
328, 0.008645 0.895996 0.575684;
329, 10.20589 0.362305 0.552246;
330, 10.209524 0.43457 0.262207;
331, 13.595737 0.052734 0.878906;
332, 7.310887 0.640137 0.208984;
333, 7.599098 0.431641 0.290039;
334, 7.285707 0.670898 0.286621;
335, 0.027034 0.918457 0.04834;
336, 1.002208 0.703613 0.488281;
337, 11.916754 0.198242 0.296387;
338, 11.93719 0.024414 0.796875;
339, 11.847131 0.255371 0.623047;
340, 0.062514 0.763672 0.04541;
341, 8.27637 0.482422 0.833008;
342, 4.04121 0.718262 0.360352;
343, 0.068431 0.854004 0.717285;
344, 16.316185 0.159668 0.182129;
345, 0.151557 0.939941 0.233398;
346, 11.174225 0.424316 0.013672;
347, 11.163025 0.405762 0.025879;
348, 0.032278 0.984863 0.858398;
349, 11.720807 0.60791 0.586914;
350, 12.894678 0.272461 0.332031;
351, 0.120152 0.95752 0.176758;
352, 6.711848 0.656738 0.26123;
353, 0.023941 0.769531 0.396973;
354, 8.566344 0.501953 0.6875;
355, 8.576102 0.441406 0.48877;
356, 9.229154 0.165039 0.653809;
357, 9.22527 0.149414 0.306641;
358, 9.185151 0.161133 0.089355;
359, 8.579681 0.320801 0.150879;
360, 5.150571 0.717285 0.728027;
361, 0.030925 0.764648 0.740723;
362, 0.036313 0.957031 0.791992;
363, 8.00731 0.472656 0.016113;
364, 0.032634 0.880371 0.567871;
365, 7.014737 0.649902 0.864258;
366, 0.060724 0.900391 0.635254;
367, 10.505217 0.35791 0.79248;
368, 0.031428 0.934082 0.647461;
369, 21.093208 0.039062 0.702148;
370, 20.189932 0.373047 0.842285;
371, 0.067319 0.969238 0.696777;
372, 0.008802 0.815918 0.915527;
373, 0.016433 0.872559 0.265137;
374, 17.808016 0.625488 0.937012;
375, 18.357651 0.243652 0.635742;
376, 0.182474 0.878418 0.641113;
377, 0.023284 0.958008 0.120117;
378, 13.363351 0.328125 0.620117;
379, 0.082103 0.942871 0.978516;
380, 14.518568 0.25 0.592773;
381, 14.522809 0.496094 0.132812;
382, 14.823922 0.168457 0.006836;
383, 14.521194 0.444824 0.483887;
384, 0.087738 0.962402 0.576172;
385, 0.022915 0.797363 0.023438;
386, 0.02263 0.95459 0.427734;
387, 0.013517 0.827148 0.974121;
388, 6.778962 0.648926 0.550293;
389, 0.007619 0.851074 0.346191;
390, 16.047747 0.093262 0.94043;
391, 3.537155 0.689941 0.464355;
392, 10.004329 0.151855 0.283203;
393, 4.482926 0.598145 0.555664;
394, 0.047967 0.835938 0.528809;
395, 48.986599 0.043945 0.998535;
396, 48.993767 0.180176 0.672363;
397, 48.992382 0.191406 0.907227;
398, 48.614307 0.367676 0.921387;
399, 48.616737 0.234375 0.23584;
400, 8.513052 0.522949 0.930664;
401, 0.004719 0.901367 0.092773;
