0, 6.999249 0.282715 0.847168;
1, 7.581416 0.087402 0.436035;
2, 7.029924 0.352051 0.177246;
3, 0.033068 0.862793 0.409668;
4, 19.133614 0.191895 0.395996;
5, 7.284513 0.682617 0.555176;
6, 0.027253 0.928223 0.367188;
7, 7.077317 0.572754 0.526367;
8, 8.882388 0.132324 0.280273;
9, 8.868361 0.212402 0.229492;
10, 0.074366 0.781738 0.430664;
11, 0.024162 0.806641 0.825684;
12, 15.705097 0.23291 0.51416;
13, 0.142649 0.934082 0.21875;
14, 0.008962 0.937988 0.222168;
15, 6.514556 0.65918 0.242188;
16, 6.752975 0.454102 0.915039;
17, 0.048209 0.812012 0.135254;
18, 0.054191 0.90918 0.96875;
19, 9.2761 0.375 0.39209;
20, 0.060083 0.975586 0.148926;
21, 20.951132 0.608398 0.458008;
22, 0.031814 0.799805 0.625488;
23, 15.321918 0.21582 0.608887;
24, 11.779406 0.659668 0.20166;
25, 13.233974 0.366699 0.773438;
26, 13.241945 0.355957 0.291016;
27, 13.357717 0.181641 0.939941;
28, 13.228665 0.508301 0.299316;
29, 13.225279 0.356445 0.886719;
30, 9.70631 0.731934 0.686035;
31, 12.961362 0.353516 0.299805;
32, 0.13077 0.745605 0.311035;
33, 6.17718 0.649414 0.293945;
34, 6.267435 0.48877 0.841309;
35, 0.032766 0.898438 0.572754;
36, 19.041006 0.143066 0.730957;
37, 7.22745 0.683594 0.838867;
38, 7.282969 0.558105 0.510254;
39, 7.665935 0.224609 0.520996;
40, 0.091525 0.793457 0.993164;
41, 2.994614 0.672852 0.279785;
42, 0.050662 0.916016 0.322754;
43, 9.839996 0.648926 0.985352;
44, 0.012089 0.876465 0.282227;
45, 14.673227 0.172852 0.842285;
46, 8.981947 0.60791 0.519043;
47, 11.363846 0.570801 0.047363;
48, 0.054525 0.903809 0.277832;
49, 7.484643 0.52002 0.79834;
50, 12.010659 0.067383 0.90332;
51, 11.999517 0.202637 0.666992;
52, 2.542833 0.723633 0.267578;
53, 0.002918 0.85791 0.200684;
54, 16.447586 0.325684 0.224609;
55, 16.438347 0.304199 0.046875;
56, 16.449808 0.422852 0.831543;
57, 9.552242 0.527832 0.992188;
58, 9.487224 0.611816 0.094727;
59, 11.810955 0.128906 0.175293;
60, 11.837584 0.07373 0.128418;
61, 11.853824 0.213379 0.728516;
62, 11.83758 0.192871 0.428223;
63, 7.525251 0.65625 0.493164;
64, 2.516685 0.697754 0.879395;
65, 12.2476 0.58252 0.050781;
66, 0.019549 0.959961 0.654297;
67, 0.053508 0.855469 0.462891;
68, 17.179708 0.052246 0.766113;
69, 17.158775 0.231445 0.137695;
70, 14.478494 0.42041 0.240723;
71, 0.444916 0.737793 0.608398;
72, 6.663321 0.567871 0.170898;
73, 6.640626 0.655273 0.137207;
74, 9.610129 0.207031 0.355957;
75, 9.636548 0.038086 0.155762;
76, 9.54952 0.511719 0.053223;
77, 9.562522 0.369141 0.670898;
78, 9.547628 0.342285 0.831055;
79, 0.021995 0.996094 0.556152;
80, 17.997459 0.175781 0.555664;
81, 0.152791 0.941406 0.789551;
82, 0.007516 0.838867 0.022949;
83, 0.039999 0.876465 0.528809;
84, 0.38669 0.722656 0.829102;
85, 0.027562 0.830078 0.275391;
86, 15.984226 0.250977 0.605957;
87, 15.988853 0.364746 0.093262;
88, 0.084324 0.889648 0.178223;
89, 7.716793 0.65625 0.800781;
90, 11.253532 0.056641 0.930176;
91, 0.069928 0.775391 0.162598;
92, 9.617296 0.55127 0.526367;
93, 9.539735 0.663086 0.179688;
94, 0.026003 0.97998 0.393555;
95, 50.900078 0.160645 0.968262;
96, 50.89695 0.051758 0.969727;
97, 0.036161 0.998047 0.480957;
98, 17.645344 0.608887 0.405273;
99, 18.311043 0.218262 0.697754;
100, 17.653652 0.655762 0.250488;
101, 18.833599 0.21582 0.472168;
102, 18.83744 0.174805 0.637207;
103, 18.833977 0.498047 0.472656;
104, 21.164862 0.007812 0.103516;
105, 20.287195 0.388672 0.185059;
106, 0.05379 0.911621 0.983398;
107, 2.661294 0.679688 0.927734;
108, 6.968858 0.327637 0.868652;
109, 2.633671 0.654785 0.874023;
110, 5.971127 0.347168 0.993652;
111, 5.978731 0.442383 0.606934;
112, 0.031973 0.749512 0.711914;
113, 0.032036 0.895508 0.797852;
114, 18.686991 0.102539 0.069824;
115, 18.679075 0.060059 0.210938;
116, 0.03943 0.97998 0.635254;
117, 0.047216 0.996094 0.041016;
118, 20.682337 0.057617 0.454102;
119, 0.220205 0.916992 0.111328;
120, 0.007202 0.791016 0.025391;
121, 0.016797 0.836914 0.724121;
122, 0.021948 0.910645 0.889648;
123, 0.029687 0.869141 0.183594;
124, 17.997147 0.616699 0.77002;
125, 18.568544 0.23877 0.493164;
126, 0.023835 0.787598 0.910156;
127, 1.151464 0.700684 0.26709;
128, 7.017811 0.499023 0.943848;
129, 6.655632 0.681152 0.322266;
130, 6.648382 0.57666 0.160156;
131, 0.065806 0.825684 0.660645;
132, 0.053809 0.934082 0.872559;
133, 20.153288 0.197754 0.70166;
134, 8.578526 0.560059 0.265137;
135, 9.140758 0.194336 0.339844;
136, 8.968823 0.481934 0.202637;
137, 8.592078 0.60791 0.694336;
138, 9.020378 0.593262 0.350586;
139, 2.467004 0.702637 0.335449;
140, 4.693182 0.659668 0.345703;
141, 8.343023 0.207031 0.211914;
142, 8.342765 0.041992 0.920898;
143, 8.230237 0.502441 0.068359;
144, 0.070181 0.938477 0.446777;
145, 9.068713 0.443848 0.61377;
146, 9.081648 0.503906 0.72998;
147, 9.049232 0.345703 0.082031;
148, 0.586881 0.734863 0.417969;
149, 0.016886 0.987305 0.980957;
150, 0.086451 0.726074 0.485352;
151, 0.029419 0.982422 0.418457;
152, 0.016277 0.80127 0.037109;
153, 25.961704 0.108887 0.129883;
154, 24.170094 0.427246 0.727539;
155, 24.22183 0.186523 0.677246;
156, 21.682602 0.583984 0.3125;
157, 22.030712 0.297363 0.725098;
158, 22.032488 0.439453 0.874023;
159, 22.032766 0.454102 0.053711;
160, 22.030027 0.459961 0.37793;
161, 0.006687 0.97168 0.411621;
162, 9.621403 0.646973 0.061523;
163, 9.61591 0.636719 0.660156;
164, 11.56806 0.148438 0.304688;
165, 11.612956 0.074707 0.860352;
166, 10.959804 0.302246 0.848145;
167, 11.98959 0.105469 0.891602;
168, 10.91536 0.387207 0.779297;
169, 14.084721 0.044922 0.592285;
170, 10.908406 0.35498 0.060059;
171, 0.06078 0.810547 0.081055;
172, 7.003647 0.577637 0.358398;
173, 9.853518 0.056152 0.102051;
174, 2.492741 0.686523 0.76709;
175, 7.65403 0.296387 0.864258;
176, 7.654295 0.269531 0.606934;
177, 8.171077 0.085449 0.761719;
178, 0.097311 0.960938 0.736328;
179, 10.904947 0.376465 0.070801;
180, 7.480834 0.649414 0.03418;
181, 10.280283 0.15918 0.071289;
182, 9.660546 0.454102 0.987305;
183, 11.380279 0.011719 0.852539;
184, 0.305447 0.85498 0.113281;
185, 16.487101 0.174805 0.477051;
186, 16.38681 0.413086 0.205566;
187, 0.017273 0.831055 0.949219;
188, 50.78857 0.033691 0.827637;
189, 19.399763 0.433594 0.725586;
190, 0.017813 0.953613 0.266602;
191, 8.036057 0.516113 0.585449;
192, 7.799358 0.660156 0.820312;
193, 9.728803 0.258789 0.128906;
194, 0.03753 0.990234 0.411621;
195, 0.02257 0.840332 0.751953;
196, 9.571184 0.387695 0.719238;
197, 9.584322 0.366699 0.251953;
198, 8.394974 0.604004 0.521484;
199, 0.006916 0.913574 0.802246;
200, 16.89304 0.271973 0.252441;
201, 0.035217 0.813965 0.875977;
202, 0.038715 0.855957 0.712402;
203, 7.021928 0.567871 0.401367;
204, 7.923311 0.180176 0.272949;
205, 7.59857 0.473145 0.097656;
206, 7.596746 0.357422 0.989746;
207, 6.997645 0.646484 0.409668;
208, 9.196162 0.179199 0.573242;
209, 8.873723 0.319336 0.433105;
210, 10.162985 0.123047 0.399902;
211, 10.175885 0.078613 0.76123;
212, 0.256222 0.85791 0.463379;
213, 17.676113 0.162598 0.110352;
214, 9.22803 0.532227 0.385254;
215, 11.075438 0.077148 0.413574;
216, 9.289222 0.346191 0.672363;
217, 9.2361 0.469238 0.263672;
218, 9.26485 0.491699 0.516602;
219, 9.293741 0.238281 0.561035;
220, 0.052583 0.789062 0.11084;
221, 0.024228 0.821289 0.277832;
222, 0.029995 0.890625 0.909668;
223, 14.089953 0.331543 0.664062;
224, 15.068272 0.019531 0.88916;
225, 0.588216 0.875977 0.962402;
226, 0.006549 0.905762 0.746582;
227, 0.039883 0.923828 0.085938;
228, 18.790638 0.334473 0.523438;
229, 4.144987 0.689941 0.657715;
230, 4.581635 0.546875 0.120117;
231, 4.984268 0.26123 0.290039;
232, 4.590242 0.529297 0.621094;
233, 8.521802 0.099121 0.811523;
234, 8.535791 0.202148 0.300781;
235, 4.650109 0.417969 0.771973;
236, 4.653616 0.446777 0.205566;
237, 4.653482 0.300781 0.895996;
238, 4.574238 0.541992 0.276855;
239, 4.786136 0.387695 0.819824;
240, 0.124905 0.875 0.635254;
241, 9.007695 0.41748 0.563965;
242, 9.100182 0.203613 0.398438;
243, 8.661843 0.543945 0.026367;
244, 0.027213 0.831055 0.059082;
245, 0.06244 0.97998 0.944824;
246, 0.017652 0.867188 0.374023;
247, 0.007712 0.918945 0.822754;
248, 0.014425 0.783203 0.445801;
249, 0.007645 0.938965 0.507812;
250, 9.836233 0.376465 0.827148;
251, 9.852053 0.458008 0.999512;
252, 7.515613 0.67041 0.845215;
253, 47.804546 0.057129 0.963867;
254, 9.34456 0.513672 0.901855;
255, 9.382357 0.271484 0.126465;
256, 9.783398 0.084961 0.364746;
257, 0.075281 0.807129 0.07373;
258, 14.981778 0.321289 0.849609;
259, 15.749278 0.052734 0.164062;
260, 14.990786 0.39209 0.375;
261, 2.273692 0.711914 0.365234;
262, 0.021701 0.935059 0.063477;
263, 11.252912 0.400879 0.018555;
264, 0.042705 0.745605 0.10791;
265, 6.904784 0.587402 0.31543;
266, 7.916584 0.216309 0.771973;
267, 7.939256 0.263672 0.006836;
268, 8.116035 0.064941 0.993164;
269, 8.111358 0.179199 0.036133;
270, 7.88595 0.376953 0.114258;
271, 0.062387 0.826172 0.134277;
272, 7.341687 0.51709 0.255859;
273, 7.736537 0.171387 0.594238;
274, 0.128113 0.856934 0.155273;
275, 0.028896 0.835449 0.233398;
276, 0.026341 0.978516 0.177734;
277, 10.401341 0.16748 0.625488;
278, 8.015528 0.675293 0.113281;
279, 8.210801 0.515625 0.869141;
280, 8.247016 0.224609 0.206055;
281, 8.035522 0.675781 0.185059;
282, 3.037925 0.726562 0.327148;
283, 12.880958 0.291504 0.758301;
284, 0.119168 0.827637 0.614746;
285, 6.998813 0.580078 0.34668;
286, 9.890816 0. 0.937988;
287, 7.805795 0.432129 0.240723;
288, 7.825998 0.489258 0.529297;
289, 0.088373 0.859863 0.978516;
290, 7.096992 0.540039 0.407715;
291, 7.187092 0.397949 0.043945;
292, 7.325502 0.210449 0.020508;
293, 7.229027 0.509277 0.362793;
294, 9.7672 0.092285 0.170898;
295, 0.205067 0.936523 0.708008;
296, 0.019781 0.761719 0.902832;
297, 0.033226 0.736816 0.470215;
298, 0.020191 0.962891 0.469727;
299, 10.037442 0.370605 0.98584;
300, 9.251282 0.590332 0.57666;
301, 0.003834 0.953125 0.300293;
302, 0.026742 0.989746 0.862305;
303, 0.028911 0.936035 0.419434;
304, 19.823084 0.208984 0.921875;
305, 0.079999 0.963379 0.590332;
306, 18.724241 0.030762 0.398926;
307, 0.190038 0.837402 0.318848;
308, 0.024408 0.890625 0.429199;
309, 16.501713 0.124512 0.882812;
310, 7.293117 0.659668 0.711426;
311, 11.269696 0.027832 0.270508;
312, 0.304369 0.910645 0.708008;
313, 2.818161 0.680664 0.964355;
314, 6.799804 0.213867 0.430176;
315, 2.717284 0.724121 0.32666;
316, 11.748383 0.262207 0.970703;
317, 7.666475 0.570801 0.366211;
318, 10.189116 0.008301 0.319336;
319, 7.680433 0.59082 0.765137;
320, 2.727241 0.702148 0.942383;
321, 13.009036 0.48291 0.699707;
322, 14.33985 0.01709 0.757324;
323, 0.100508 0.791016 0.155762;
324, 17.198946 0.333008 0.436523;
325, 0.081671 0.949707 0.106445;
326, 8.396751 0.481445 0.827637;
327, 8.59108 0.192383 0.425781;
328, 8.599524 0.165039 0.697266;
329, 8.546222 0.146973 0.044922;
330, 8.363712 0.609375 0.206055;
331, 7.784921 0.628418 0.546387;
332, 0.017772 0.804688 0.147949;
333, 14.013713 0.343262 0.179199;
334, 0.042066 0.797852 0.981445;
335, 13.69128 0.134766 0.456055;
336, 13.682796 0.183594 0.134277;
337, 13.209787 0.338867 0.456055;
338, 13.217627 0.513672 0.327637;
339, 13.218059 0.470703 0.20166;
340, 13.226111 0.479004 0.851562;
341, 14.529904 0.000977 0.841797;
342, 14.527336 0.024902 0.493164;
343, 0.186178 0.787598 0.400391;
344, 21.39686 0.044922 0.033203;
345, 21.393246 0.109375 0.244629;
346, 20.535774 0.270508 0.615723;
347, 20.518917 0.513184 0.278809;
348, 20.522165 0.321777 0.094727;
349, 20.52334 0.38623 0.660645;
350, 0.047755 0.78418 0.523438;
351, 15.895832 0.176758 0.303223;
352, 0.050757 0.801758 0.405762;
353, 14.61415 0.491699 0.32373;
354, 14.425448 0.631348 0.100586;
355, 0.017307 0.758301 0.193359;
356, 7.742223 0.529785 0.697754;
357, 7.744797 0.556152 0.274414;
358, 9.962456 0.091309 0.203125;
359, 7.724606 0.612793 0.334473;
360, 3.699188 0.706055 0.211426;
361, 7.548611 0.597168 0.10791;
362, 7.521283 0.665039 0.918457;
363, 11.60778 0.027344 0.186523;
364, 9.891548 0.388672 0.005371;
365, 9.88182 0.240234 0.786621;
366, 9.872286 0.248047 0.402344;
367, 9.882622 0.488281 0.508301;
368, 7.65446 0.556152 0.584961;
369, 7.791476 0.452148 0.026855;
370, 0.045829 0.828125 0.958008;
371, 12.73411 0.629883 0.053223;
372, 0.013064 0.830566 0.529297;
373, 9.620491 0.36084 0.645508;
374, 10.58871 0.131348 0.628418;
375, 10.598419 0.055664 0.833984;
376, 9.627618 0.286133 0.812988;
377, 9.63583 0.519043 0.381348;
378, 3.128524 0.686035 0.604492;
379, 8.5601 0.327148 0.974609;
380, 3.638093 0.672852 0.306152;
381, 8.165255 0.158691 0.348145;
382, 0.057027 0.791016 0.706055;
383, 16.551086 0.28125 0.14502;
384, 0.135392 0.839844 0.541504;
385, 0.030338 0.739258 0.620605;
386, 10.542596 0.321289 0.471191;
387, 0.036794 0.984863 0.727051;
388, 10.516097 0.415527 0.325684;
389, 10.714843 0.175293 0.084961;
390, 0.210784 0.930664 0.228516;
391, 0.310106 0.722656 0.19873;
392, 10.627279 0.353027 0.725586;
393, 0.097941 0.879883 0.836426;
394, 0.250735 0.724121 0.209961;
395, 11.55304 0.336914 0.59082;
396, 7.291234 0.549316 0.90332;
397, 7.469776 0.351562 0.127441;
398, 0.030779 0.944336 0.867188;
399, 8.673508 0.438477 0.682129;
400, 0.069905 0.884766 0.185059;
401, 7.215593 0.550293 0.523926;
