0, 0.122513 0.835449 0.586426;
1, 15.733255 0.303223 0.959473;
2, 16.38426 0.057129 0.776855;
3, 16.368904 0.044434 0.639648;
4, 15.71669 0.410156 0.549805;
5, 8.386943 0.537109 0.922852;
6, 10.39624 0.053223 0.258301;
7, 8.466845 0.308594 0.364746;
8, 0.092153 0.831543 0.475098;
9, 0.039085 0.959961 0.148926;
10, 16.087084 0.28418 0.349609;
11, 16.469526 0.161621 0.094727;
12, 8.198615 0.644043 0.61084;
13, 10.035305 0.216797 0.038574;
14, 10.032183 0.319336 0.289062;
15, 10.049942 0.48877 0.932129;
16, 10.064667 0.245117 0.791992;
17, 10.027644 0.302246 0.779297;
18, 8.172951 0.62793 0.540039;
19, 0.020764 0.754883 0.553711;
20, 17.215061 0.620605 0.021484;
21, 18.013735 0.296875 0.030273;
22, 18.02854 0.483398 0.556641;
23, 18.99061 0.03418 0.950195;
24, 18.995718 0.204102 0.387695;
25, 18.016466 0.259766 0.880371;
26, 18.011724 0.052246 0.465332;
27, 0.274275 0.893555 0.410645;
28, 10.586488 0.38916 0.397949;
29, 0.096823 0.970703 0.992676;
30, 10.171028 0.40332 0.107422;
31, 0.038025 0.843262 0.602539;
32, 0.03819 0.962891 0.314941;
33, 0.013586 0.94043 0.303223;
34, 0.015373 0.823242 0.712891;
35, 49.675819 0.235352 0.976074;
36, 0.1651 0.881348 0.768066;
37, 4.536 0.666504 0.186523;
38, 3.912092 0.695312 0.285156;
39, 0.019098 0.759766 0.523926;
40, 0.051539 0.962891 0.3125;
41, 0.044922 0.871582 0.246582;
42, 0.029169 0.874023 0.221191;
43, 18.928619 0.600586 0.907227;
44, 18.935369 0.487305 0.134277;
45, 0.041812 0.984375 0.992188;
46, 13.818923 0.27002 0.851562;
47, 7.485566 0.657715 0.812988;
48, 7.578016 0.498535 0.244141;
49, 0.017972 0.764648 0.856445;
50, 13.060287 0.288086 0.928223;
51, 0.068435 0.842773 0.731445;
52, 7.978493 0.453125 0.739258;
53, 0.030411 0.931641 0.642578;
54, 12.171913 0.313965 0.531738;
55, 0.022571 0.98877 0.303223;
56, 0.022937 0.930176 0.973633;
57, 9.051745 0.407227 0.754883;
58, 10.319216 0.141113 0.529785;
59, 0.044108 0.802734 0.864258;
60, 2.776558 0.674316 0.028809;
61, 7.534808 0.238281 0.596191;
62, 2.77649 0.663574 0.022949;
63, 33.169205 0.539551 0.994141;
64, 0.016447 0.959961 0.029297;
65, 0.014775 0.881836 0.888672;
66, 0.020561 0.85791 0.865723;
67, 0.057487 0.865723 0.858887;
68, 9.175084 0.413086 0.451172;
69, 7.11517 0.681641 0.437988;
70, 10.149703 0.308594 0.823242;
71, 10.163021 0.40918 0.226074;
72, 7.139776 0.661133 0.34668;
73, 0.009656 0.914551 0.871094;
74, 0.601141 0.710938 0.678223;
75, 6.795237 0.527344 0.490234;
76, 6.886418 0.438965 0.61377;
77, 0.904879 0.691895 0.562012;
78, 3.040325 0.463867 0.626465;
79, 6.239059 0.126953 0.6875;
80, 6.235524 0.002441 0.708008;
81, 6.221979 0.130859 0.158691;
82, 0.588881 0.718262 0.567383;
83, 7.298558 0.435547 0.338379;
84, 7.506312 0.182617 0.494141;
85, 0.307941 0.856934 0.993652;
86, 0.019192 0.90332 0.507324;
87, 0.641739 0.708984 0.47168;
88, 6.588077 0.609863 0.787598;
89, 6.766412 0.435547 0.250488;
90, 6.603107 0.583496 0.141113;
91, 7.787912 0.318848 0.007324;
92, 0.085179 0.930664 0.962891;
93, 0.006932 0.881348 0.046875;
94, 7.184751 0.570312 0.21582;
95, 7.326917 0.463867 0.274414;
96, 0.017178 0.971191 0.262207;
97, 11.222198 0.408691 0.549316;
98, 0.01222 0.751953 0.121094;
99, 0.012198 0.806641 0.254883;
100, 23.044111 0.269043 0.835449;
101, 23.042215 0.459473 0.831543;
102, 19.789705 0.65918 0.944824;
103, 18.612595 0.71875 0.077148;
104, 22.148417 0.320312 0.958984;
105, 22.160311 0.220703 0.39502;
106, 22.16095 0.158203 0.161621;
107, 22.159225 0.019043 0.931152;
108, 0.167523 0.76123 0.041504;
109, 0.06061 0.972656 0.625977;
110, 7.041512 0.586426 0.02002;
111, 0.024737 0.841797 0.357422;
112, 0.654708 0.711914 0.544922;
113, 6.915958 0.642578 0.078613;
114, 11.35727 0.019043 0.73584;
115, 11.37839 0.066406 0.109375;
116, 0.250352 0.881348 0.303223;
117, 12.99909 0.357422 0.097168;
118, 15.840672 0.078125 0.503906;
119, 15.824197 0.193359 0.030762;
120, 0.122831 0.946777 0.804688;
121, 50.186707 0.066895 0.888184;
122, 0.499497 0.737793 0.347656;
123, 0.03568 0.84668 0.171387;
124, 9.365366 0.408203 0.922363;
125, 2.432489 0.71875 0.935059;
126, 0.015056 0.858398 0.812988;
127, 0.021382 0.82373 0.875488;
128, 48.982079 0.211914 0.948242;
129, 13.371572 0.570312 0.314941;
130, 13.858553 0.174316 0.921387;
131, 13.853868 0.041504 0.256836;
132, 13.688405 0.516602 0.75293;
133, 14.950995 0.00293 0.592285;
134, 14.950126 0.030762 0.092285;
135, 13.354757 0.606934 0.279785;
136, 12.824415 0.638184 0.963379;
137, 0.009008 0.819824 0.657715;
138, 1.341307 0.694824 0.833496;
139, 1.333383 0.717285 0.414062;
140, 12.827791 0.01416 0.524414;
141, 12.823024 0.057129 0.04248;
142, 12.824226 0.160156 0.796387;
143, 11.333099 0.262695 0.875;
144, 11.332672 0.285156 0.830078;
145, 0.076066 0.885254 0.105469;
146, 8.889906 0.467773 0.226074;
147, 0.05778 0.926758 0.358887;
148, 10.194626 0.419434 0.482422;
149, 9.994464 0.554688 0.901367;
150, 10.169868 0.339844 0.683105;
151, 10.018214 0.532227 0.681152;
152, 7.403044 0.662109 0.266602;
153, 2.561235 0.726074 0.249023;
154, 7.3915 0.505859 0.144043;
155, 7.408444 0.24707 0.462402;
156, 0.158637 0.87207 0.582031;
157, 15.355404 0.09668 0.388184;
158, 13.114239 0.387695 0.311523;
159, 8.597028 0.577148 0.751953;
160, 8.573022 0.593262 0.79834;
161, 0.028785 0.846191 0.705566;
162, 13.818942 0.257812 0.270996;
163, 13.920141 0.109375 0.109863;
164, 13.807125 0.341309 0.594727;
165, 8.306471 0.568848 0.65625;
166, 7.120353 0.624512 0.543945;
167, 8.810335 0.21875 0.050293;
168, 0.041429 0.781738 0.402832;
169, 17.876802 0.032715 0.079102;
170, 0.331353 0.936523 0.726074;
171, 9.731521 0.388672 0.333984;
172, 0.047589 0.763184 0.629395;
173, 0.031436 0.931152 0.358887;
174, 10.407483 0.383789 0.694336;
175, 8.939082 0.594238 0.833496;
176, 8.984176 0.464844 0.269531;
177, 9.001225 0.223145 0.443359;
178, 0.090849 0.937988 0.944824;
179, 0.031314 0.980957 0.024414;
180, 0.021339 0.899414 0.270996;
181, 10.2616 0.152344 0.026367;
182, 9.661996 0.371582 0.626953;
183, 9.64419 0.300293 0.44873;
184, 10.546219 0.056641 0.602539;
185, 10.549469 0.030762 0.488281;
186, 0.255478 0.911621 0.016113;
187, 15.565799 0.279297 0.82959;
188, 0.108526 0.895508 0.779785;
189, 15.348239 0.630859 0.305176;
190, 0.003818 0.947754 0.171387;
191, 11.76949 0.012207 0.225098;
192, 9.867067 0.54541 0.279297;
193, 0.031896 0.915527 0.304199;
194, 20.96928 0.025391 0.100098;
195, 20.079979 0.413086 0.933105;
196, 20.969545 0.047363 0.776367;
197, 10.565416 0.57666 0.865234;
198, 10.547762 0.605469 0.239258;
199, 0.021518 0.8125 0.943848;
200, 17.688646 0.139648 0.253418;
201, 11.878094 0.649414 0.896973;
202, 48.691643 0.117188 0.961426;
203, 48.688251 0.119629 0.813477;
204, 0.286863 0.739258 0.550293;
205, 8.271794 0.371582 0.998047;
206, 0.6894 0.70166 0.529785;
207, 11.137036 0.209473 0.781738;
208, 11.05688 0.381836 0.677734;
209, 11.386512 0.151855 0.390137;
210, 11.39887 0.059082 0.09375;
211, 6.63142 0.619141 0.269043;
212, 8.208103 0.326172 0.407715;
213, 8.197384 0.268555 0.291016;
214, 8.199731 0.463379 0.090332;
215, 6.606608 0.64209 0.755371;
216, 0.030576 0.766113 0.251953;
217, 10.630975 0.38623 0.776367;
218, 13.310892 0.020508 0.816895;
219, 10.663153 0.351562 0.104492;
220, 10.666475 0.233887 0.08252;
221, 10.65773 0.15625 0.222168;
222, 8.818613 0.614258 0.615234;
223, 0.008214 0.779297 0.858887;
224, 13.358279 0.069336 0.604004;
225, 3.966926 0.717285 0.023926;
226, 13.474159 0.120605 0.94873;
227, 12.789957 0.455566 0.73291;
228, 7.671875 0.67041 0.677734;
229, 7.693879 0.598145 0.451172;
230, 12.02887 0.108887 0.368652;
231, 0.382789 0.858887 0.713867;
232, 10.752272 0.640137 0.119141;
233, 10.735797 0.560547 0.292969;
234, 11.042065 0.410156 0.881348;
235, 11.526452 0.160645 0.889648;
236, 0.167959 0.955566 0.145508;
237, 0.044302 0.783691 0.661133;
238, 15.206853 0.032227 0.789062;
239, 0.027382 0.986816 0.594238;
240, 0.036672 0.888184 0.694336;
241, 15.936517 0.619629 0.873047;
242, 0.01642 0.935547 0.115234;
243, 0.00545 0.86084 0.604492;
244, 1.342251 0.696777 0.203125;
245, 11.030386 0.335938 0.646973;
246, 0.04221 0.980957 0.321777;
247, 7.925763 0.527344 0.378418;
248, 8.164643 0.180176 0.243164;
249, 8.161557 0.154297 0.233887;
250, 0.213168 0.903809 0.499512;
251, 0.016955 0.839355 0.202637;
252, 0.382671 0.720215 0.563965;
253, 0.067895 0.735352 0.599609;
254, 12.035418 0.0625 0.469727;
255, 0.207473 0.834473 0.896484;
256, 21.677696 0.148926 0.385254;
257, 0.087713 0.851562 0.07959;
258, 9.367895 0.429199 0.955078;
259, 0.059342 0.779785 0.584473;
260, 48.794563 0.143555 0.915527;
261, 0.147153 0.857422 0.382812;
262, 0.033256 0.813965 0.122559;
263, 16.30732 0.339844 0.883789;
264, 16.307833 0.26416 0.752441;
265, 2.287755 0.705078 0.086426;
266, 0.007681 0.99707 0.543457;
267, 7.209906 0.558105 0.928711;
268, 7.209562 0.527344 0.25;
269, 0.071156 0.885742 0.794434;
270, 0.060373 0.748535 0.331543;
271, 9.035386 0.400879 0.450195;
272, 0.036107 0.786133 0.8125;
273, 14.217902 0.234863 0.345703;
274, 14.217904 0.025879 0.13916;
275, 14.208524 0.392578 0.46582;
276, 0.040246 0.983887 0.14209;
277, 0.125494 0.725586 0.645508;
278, 12.208386 0.155762 0.61377;
279, 12.219604 0.086426 0.262695;
280, 0.170453 0.821777 0.551758;
281, 0.025134 0.780273 0.878906;
282, 13.660574 0.17627 0.584473;
283, 8.567174 0.648926 0.422363;
284, 11.380222 0.124512 0.67627;
285, 8.659022 0.580078 0.333984;
286, 8.643674 0.565918 0.256348;
287, 0.016335 0.994629 0.554688;
288, 19.822998 0.146973 0.383789;
289, 0.0606 0.969727 0.953613;
290, 10.956236 0.379395 0.135254;
291, 10.93574 0.440918 0.893555;
292, 2.527334 0.699219 0.072754;
293, 11.542951 0.269043 0.311523;
294, 7.522162 0.609863 0.80957;
295, 7.466696 0.552246 0.398438;
296, 1.593007 0.737305 0.900879;
297, 34.085701 0.308594 0.977051;
298, 0.062577 0.838379 0.944336;
299, 19.025846 0.446777 0.154297;
300, 18.956034 0.572266 0.15625;
301, 18.96492 0.554199 0.866699;
302, 0.028505 0.994629 0.868164;
303, 18.241686 0.023438 0.512207;
304, 18.236259 0.060547 0.610352;
305, 0.143026 0.96582 0.484375;
306, 18.481403 0. 0.433105;
307, 17.458519 0.44043 0.98291;
308, 17.458492 0.234863 0.95752;
309, 17.454468 0.357422 0.171875;
310, 17.459297 0.29541 0.718262;
311, 17.464825 0.458984 0.199707;
312, 17.451653 0.496582 0.251953;
313, 0.084195 0.84668 0.4375;
314, 7.900664 0.477539 0.262207;
315, 0.032553 0.783691 0.68457;
316, 0.025009 0.883301 0.875488;
317, 16.17985 0.084473 0.686035;
318, 0.434141 0.73877 0.186035;
319, 6.881913 0.503418 0.447266;
320, 6.857455 0.58252 0.977539;
321, 8.247939 0.157227 0.850586;
322, 0.044052 0.769043 0.220703;
323, 14.939534 0.065918 0.798828;
324, 12.578171 0.446289 0.754395;
325, 12.578896 0.217773 0.657715;
326, 9.60813 0.551758 0.741699;
327, 9.625025 0.547363 0.174805;
328, 0.190201 0.737305 0.592285;
329, 10.603189 0.32959 0.160156;
330, 10.626615 0.226562 0.938965;
331, 10.604474 0.426758 0.657227;
332, 0.611256 0.724609 0.504395;
333, 14.635956 0.083008 0.429199;
334, 0.252662 0.906738 0.937012;
335, 0.04041 0.84375 0.548828;
336, 7.219868 0.536133 0.542969;
337, 7.10428 0.614258 0.743652;
338, 7.15263 0.560547 0.562012;
339, 7.554186 0.415527 0.395508;
340, 7.572393 0.489258 0.082031;
341, 9.674569 0.090332 0.880859;
342, 9.663961 0.228027 0.958984;
343, 2.329883 0.714355 0.600098;
344, 2.337746 0.692383 0.532227;
345, 5.781573 0.359863 0.551758;
346, 5.790623 0.393555 0.54541;
347, 3.614014 0.524414 0.165039;
348, 3.615609 0.493652 0.646484;
349, 3.6053 0.393555 0.498535;
350, 2.326615 0.700195 0.040527;
351, 0.033039 0.75293 0.066406;
352, 7.688178 0.578613 0.678223;
353, 8.54431 0.192383 0.78418;
354, 8.365627 0.43457 0.44873;
355, 0.029817 0.93457 0.196777;
356, 10.707479 0.144043 0.541992;
357, 9.624279 0.488281 0.565918;
358, 4.294642 0.687012 0.936523;
359, 0.026461 0.88916 0.014648;
360, 21.041813 0.629395 0.076172;
361, 21.237837 0.414551 0.533691;
362, 21.34045 0.1875 0.431641;
363, 21.230236 0.36084 0.047363;
364, 21.080841 0.537109 0.353516;
365, 0.005983 0.961914 0.181152;
366, 20.529797 0.074219 0.290039;
367, 18.832512 0.492188 0.862793;
368, 19.205755 0.161133 0.180176;
369, 0.140366 0.818848 0.333008;
370, 26.486446 0.149414 0.929199;
371, 0.316979 0.883789 0.725586;
372, 11.608903 0.356934 0.375977;
373, 11.606639 0.266113 0.266602;
374, 2.381714 0.715332 0.041016;
375, 0.019722 0.865723 0.504883;
376, 8.85262 0.441406 0.650391;
377, 8.867401 0.312988 0.898438;
378, 10.040331 0.123535 0.458008;
379, 10.071396 0.090332 0.462891;
380, 8.835652 0.490723 0.434082;
381, 8.85183 0.426758 0.390137;
382, 7.265976 0.62207 0.849121;
383, 0.053181 0.875977 0.76416;
384, 0.061813 0.978516 0.499023;
385, 11.38173 0.060547 0.572266;
386, 9.638945 0.366699 0.621582;
387, 9.632432 0.25293 0.353027;
388, 2.819358 0.697266 0.271484;
389, 7.844932 0.430664 0.481934;
390, 7.821527 0.475586 0.051758;
391, 7.091958 0.654297 0.947266;
392, 7.427284 0.441895 0.283691;
393, 9.01027 0.121094 0.353516;
394, 7.399791 0.322266 0.172363;
395, 7.349625 0.475586 0.070801;
396, 9.557367 0.058105 0.387207;
397, 9.549556 0.037598 0.259277;
398, 7.401242 0.450684 0.40332;
399, 0.075706 0.913086 0.518555;
400, 0.011561 0.875488 0.575684;
401, 7.136303 0.649902 0.706055;
