0, 3.550899 0.6875 0.753418;
1, 0.047297 0.861328 0.819336;
2, 16.250654 0.324707 0.616699;
3, 0.015079 0.810547 0.085938;
4, 8.584757 0.430176 0.90332;
5, 0.046216 0.985352 0.435547;
6, 18.503349 0.629883 0.078613;
7, 18.515932 0.664062 0.477051;
8, 0.036267 0.833984 0.947266;
9, 18.003193 0.621094 0.306641;
10, 9.162326 0.729004 0.941406;
11, 11.289941 0.602051 0.609375;
12, 11.284305 0.514648 0.472168;
13, 0.026793 0.995605 0.435547;
14, 8.81696 0.455566 0.100586;
15, 8.839004 0.293457 0.455078;
16, 8.754912 0.581055 0.499023;
17, 9.379218 0.226562 0.841309;
18, 8.705359 0.61084 0.286621;
19, 0.015113 0.88623 0.822266;
20, 0.011894 0.899902 0.960938;
21, 19.291693 0.162598 0.475586;
22, 18.902817 0.372559 0.873535;
23, 18.905672 0.433594 0.244629;
24, 19.843567 0.032227 0.521484;
25, 18.914536 0.291992 0.484375;
26, 18.912163 0.318359 0.691406;
27, 0.020011 0.788574 0.373535;
28, 0.024157 0.782715 0.632324;
29, 48.502361 0.197266 0.898438;
30, 48.504936 0.088867 0.767578;
31, 48.488644 0.245605 0.915527;
32, 0.039381 0.969238 0.431152;
33, 5.828921 0.659668 0.54248;
34, 5.951852 0.475098 0.093262;
35, 0.026113 0.870605 0.247559;
36, 15.963965 0.049805 0.0625;
37, 9.236677 0.569824 0.342773;
38, 11.108273 0.140137 0.650391;
39, 7.599937 0.630371 0.92334;
40, 10.813543 0.071289 0.76709;
41, 8.908633 0.44873 0.991211;
42, 8.905932 0.472656 0.186035;
43, 11.372554 0.112793 0.799805;
44, 8.973102 0.272949 0.959473;
45, 7.474237 0.671387 0.220215;
46, 10.000916 0.25 0.512207;
47, 10.028931 0.380859 0.631836;
48, 10.040244 0.483398 0.416016;
49, 10.024999 0.335938 0.646973;
50, 11.721784 0.016113 0.292969;
51, 0.295953 0.848145 0.969238;
52, 0.04963 0.787109 0.431152;
53, 10.198421 0.601074 0.818848;
54, 12.273031 0.089355 0.78125;
55, 0.191214 0.94873 0.631836;
56, 8.15415 0.650391 0.234863;
57, 0.004753 0.894043 0.178223;
58, 11.769889 0.367188 0.14209;
59, 11.753336 0.224121 0.391602;
60, 0.168726 0.868164 0.524902;
61, 7.389485 0.532227 0.292969;
62, 7.410235 0.294922 0.639648;
63, 0.022586 0.993652 0.490723;
64, 22.142494 0.258301 0.109375;
65, 2.976434 0.708008 0.731445;
66, 7.862104 0.410156 0.73877;
67, 0.072057 0.779785 0.291016;
68, 0.029035 0.810059 0.296387;
69, 19.125559 0.459961 0.639648;
70, 20.203629 0.07959 0.071777;
71, 20.211302 0.058594 0.525391;
72, 17.520391 0.702637 0.423828;
73, 18.927008 0.442871 0.672363;
74, 20.302233 0.088867 0.334961;
75, 18.921 0.376953 0.22998;
76, 18.923409 0.282715 0.846191;
77, 18.928598 0.431641 0.586914;
78, 18.99066 0.186035 0.041992;
79, 18.922504 0.505859 0.529297;
80, 18.917049 0.476074 0.583496;
81, 19.86511 0.057617 0.80957;
82, 0.06043 0.750488 0.187012;
83, 9.334044 0.643066 0.084473;
84, 9.352002 0.667969 0.780762;
85, 11.34378 0.208008 0.04834;
86, 11.328568 0.187012 0.321289;
87, 11.280291 0.477539 0.888672;
88, 0.047875 0.810059 0.045898;
89, 0.052246 0.764648 0.955566;
90, 7.570765 0.531738 0.612793;
91, 3.489124 0.708984 0.026855;
92, 11.437682 0.287109 0.850586;
93, 7.991921 0.601562 0.273926;
94, 9.124412 0.328613 0.626465;
95, 10.564754 0.115723 0.60498;
96, 8.052281 0.529785 0.036621;
97, 8.008823 0.530273 0.567383;
98, 8.058577 0.406738 0.478027;
99, 0.017723 0.757324 0.90625;
100, 12.102458 0.312988 0.226074;
101, 0.041359 0.786621 0.049316;
102, 0.03208 0.96875 0.915527;
103, 15.192353 0.595215 0.329102;
104, 0.029533 0.772949 0.254883;
105, 15.162492 0.049805 0.371582;
106, 15.154958 0.070312 0.453613;
107, 9.216726 0.623535 0.970215;
108, 9.333858 0.443848 0.503418;
109, 9.362294 0.289062 0.454102;
110, 0.015091 0.980469 0.116699;
111, 11.586014 0.215332 0.017578;
112, 0.12856 0.97168 0.10791;
113, 0.023853 0.878418 0.581543;
114, 14.957211 0.245605 0.470215;
115, 14.946995 0.517578 0.117676;
116, 14.930663 0.276367 0.877441;
117, 0.200094 0.894531 0.839844;
118, 1.713445 0.688477 0.283203;
119, 0.038286 0.993164 0.785645;
120, 17.469769 0.317871 0.076172;
121, 0.037817 0.756836 0.900879;
122, 13.003179 0.140137 0.547852;
123, 0.127871 0.822266 0.46582;
124, 7.500344 0.490234 0.090332;
125, 0.012876 0.943359 0.023438;
126, 0.036243 0.788086 0.928223;
127, 0.043459 0.888184 0.577637;
128, 7.144385 0.551758 0.173828;
129, 7.514666 0.397949 0.303711;
130, 7.493968 0.46875 0.490723;
131, 7.496012 0.51123 0.833984;
132, 7.105859 0.616699 0.224121;
133, 7.351145 0.432617 0.581055;
134, 7.329307 0.347656 0.103516;
135, 0.073568 0.932129 0.746582;
136, 21.108988 0.089844 0.759766;
137, 7.336988 0.67041 0.602539;
138, 0.034584 0.816406 0.470703;
139, 22.434298 0.179688 0.862793;
140, 0.115422 0.835449 0.667969;
141, 0.023206 0.783691 0.241699;
142, 17.387741 0.209473 0.230469;
143, 0.40772 0.871094 0.967285;
144, 13.815233 0.037109 0.298828;
145, 13.819595 0. 0.927246;
146, 12.461355 0.25293 0.672852;
147, 0.228119 0.87793 0.638672;
148, 0.038485 0.739746 0.685059;
149, 10.704517 0.154297 0.221191;
150, 7.174192 0.572266 0.773438;
151, 9.787079 0.040039 0.413574;
152, 7.660273 0.283691 0.870605;
153, 7.699665 0.22168 0.786133;
154, 7.726003 0.128418 0.364746;
155, 7.687437 0.517578 0.561035;
156, 9.745975 0.038086 0.844238;
157, 6.55896 0.618164 0.29248;
158, 8.146235 0.213379 0.55127;
159, 8.168105 0.113281 0.693848;
160, 8.13412 0.295898 0.327637;
161, 9.279108 0.092773 0.410156;
162, 0.402439 0.894531 0.720215;
163, 15.249284 0.627441 0.027832;
164, 0.029128 0.98584 0.019531;
165, 17.490681 0.009277 0.447266;
166, 17.495564 0.186035 0.056641;
167, 16.418375 0.480469 0.68457;
168, 16.412434 0.257324 0.803223;
169, 0.028283 0.776367 0.652344;
170, 0.035056 0.806641 0.956055;
171, 0.031553 0.812012 0.651855;
172, 20.18158 0.280273 0.59668;
173, 20.177023 0.287109 0.504883;
174, 20.175344 0.421875 0.814941;
175, 0.085558 0.950195 0.902344;
176, 0.008483 0.943848 0.196777;
177, 17.188274 0.129883 0.428223;
178, 16.268913 0.330566 0.575195;
179, 0.06551 0.769531 0.04834;
180, 14.547078 0.079102 0.948242;
181, 9.37536 0.627441 0.377441;
182, 0.010872 0.869141 0.250488;
183, 14.280881 0.041992 0.765137;
184, 14.282848 0.130859 0.074219;
185, 14.283581 0.00293 0.73877;
186, 0.390455 0.905273 0.481445;
187, 18.089022 0.18457 0.931152;
188, 2.441511 0.702637 0.698242;
189, 7.345032 0.464844 0.839355;
190, 7.348591 0.446777 0.356445;
191, 0.02692 0.912109 0.678223;
192, 0.030179 0.822266 0.064453;
193, 11.2494 0.338867 0.300293;
194, 11.269463 0.354492 0.854492;
195, 13.581371 0.057129 0.766113;
196, 13.571754 0.099121 0.48584;
197, 0.14824 0.825684 0.233398;
198, 0.01566 0.876953 0.696289;
199, 6.930676 0.592773 0.932617;
200, 7.918427 0.299316 0.217285;
201, 7.92003 0.424316 0.526855;
202, 7.930157 0.279785 0.563477;
203, 7.933229 0.34082 0.659668;
204, 0.106121 0.905762 0.802246;
205, 48.410233 0.141113 0.89209;
206, 8.367019 0.585449 0.67041;
207, 9.638132 0.161621 0.801758;
208, 9.128104 0.306152 0.125;
209, 10.066698 0.067871 0.143066;
210, 9.112182 0.43457 0.318359;
211, 10.938033 0.045898 0.664062;
212, 0.233729 0.742676 0.949707;
213, 0.06758 0.95166 0.393066;
214, 10.259065 0.150391 0.275391;
215, 9.8175 0.37207 0.723633;
216, 9.818188 0.448242 0.544922;
217, 9.769319 0.436035 0.275391;
218, 9.798608 0.322754 0.481445;
219, 7.856792 0.635254 0.483887;
220, 0.007865 0.804688 0.631836;
221, 0.022068 0.745117 0.68457;
222, 1.149251 0.694336 0.390137;
223, 5.864456 0.650391 0.777344;
224, 0.037558 0.811523 0.175781;
225, 17.981684 0.09668 0.734863;
226, 17.993269 0.016113 0.09082;
227, 16.717672 0.299316 0.437012;
228, 0.075089 0.833008 0.655762;
229, 0.030068 0.820312 0.032227;
230, 13.222409 0.278809 0.689941;
231, 0.089999 0.934082 0.485352;
232, 50.712872 0.036133 0.958984;
233, 50.717369 0.149414 0.655273;
234, 0.30066 0.86084 0.758301;
235, 9.121374 0.429688 0.179688;
236, 0.086919 0.944824 0.162598;
237, 17.404055 0.259277 0.32959;
238, 17.504675 0.003418 0.80127;
239, 0.087417 0.802734 0.856445;
240, 17.996639 0.609863 0.385742;
241, 0.663629 0.73291 0.959961;
242, 6.654227 0.584961 0.786621;
243, 6.644316 0.59668 0.816406;
244, 1.156144 0.689941 0.757324;
245, 7.744819 0.250977 0.641602;
246, 7.737176 0.294434 0.503906;
247, 7.739263 0.407715 0.097168;
248, 7.746054 0.355469 0.278809;
249, 1.175966 0.663574 0.762695;
250, 0.011296 0.803711 0.125977;
251, 21.711805 0.615723 0.089844;
252, 0.04271 0.905762 0.628418;
253, 0.035484 0.990723 0.39502;
254, 0.041342 0.923828 0.793457;
255, 49.471775 0.15918 0.84668;
256, 8.933527 0.541504 0.149902;
257, 9.979 0.127441 0.723145;
258, 9.041058 0.411621 0.450195;
259, 9.077553 0.416016 0.473145;
260, 9.060031 0.462891 0.760742;
261, 9.038523 0.230957 0.51123;
262, 7.21586 0.617188 0.13623;
263, 8.815157 0.290527 0.972656;
264, 7.303733 0.537598 0.723145;
265, 7.250652 0.599609 0.244141;
266, 7.19059 0.640137 0.994629;
267, 0.05648 0.966797 0.508301;
268, 6.972774 0.59375 0.666504;
269, 8.026635 0.302734 0.447754;
270, 7.973738 0.376953 0.065918;
271, 8.00971 0.269531 0.165527;
272, 0.042502 0.743164 0.062012;
273, 0.028311 0.775391 0.078613;
274, 11.307157 0.584961 0.105957;
275, 0.108971 0.880859 0.900879;
276, 0.028071 0.815918 0.76709;
277, 0.024866 0.97998 0.48877;
278, 11.604027 0.352539 0.411133;
279, 0.079319 0.865723 0.231445;
280, 0.022698 0.759277 0.604004;
281, 12.480933 0.300293 0.823242;
282, 7.789409 0.592285 0.688965;
283, 7.78814 0.59082 0.104492;
284, 10.925382 0.083496 0.065918;
285, 9.074422 0.430176 0.74707;
286, 7.21595 0.666016 0.544922;
287, 0.026603 0.945312 0.099121;
288, 18.512817 0.63623 0.07959;
289, 0.020306 0.801758 0.243164;
290, 20.279423 0.256348 0.152832;
291, 0.32163 0.733887 0.149902;
292, 0.040046 0.884277 0.811035;
293, 4.535252 0.663574 0.225098;
294, 3.827859 0.687012 0.654297;
295, 0.033848 0.95752 0.025879;
296, 0.108191 0.935059 0.88916;
297, 10.018682 0.145508 0.391113;
298, 0.124175 0.958984 0.142578;
299, 15.678154 0.208984 0.337402;
300, 15.678773 0.230957 0.705078;
301, 0.039211 0.807129 0.791504;
302, 14.90465 0.339844 0.085938;
303, 0.092443 0.853027 0.154297;
304, 7.108008 0.559082 0.695801;
305, 9.656878 0.03418 0.207031;
306, 7.545014 0.377441 0.379395;
307, 7.736445 0.193848 0.006348;
308, 2.468471 0.731445 0.072754;
309, 14.767879 0.123047 0.533203;
310, 0.13377 0.946777 0.508301;
311, 0.013205 0.977051 0.20459;
312, 11.596482 0.064453 0.604004;
313, 4.763578 0.686035 0.808105;
314, 5.201067 0.459961 0.671875;
315, 5.238345 0.216309 0.614258;
316, 0.14341 0.832031 0.739258;
317, 21.944796 0.364746 0.518555;
318, 23.152391 0.057129 0.594727;
319, 0.176239 0.938965 0.61377;
320, 0.056148 0.727539 0.171875;
321, 13.195653 0.289062 0.811523;
322, 13.195122 0.494629 0.270996;
323, 13.203038 0.466797 0.276855;
324, 6.606325 0.669922 0.802734;
325, 8.817465 0.315918 0.036621;
326, 6.562783 0.655273 0.141602;
327, 0.054562 0.718262 0.896484;
328, 34.21339 0.265625 0.858398;
329, 0.036018 0.827148 0.874512;
330, 21.327868 0.300293 0.402832;
331, 21.337736 0.216309 0.546387;
332, 17.409586 0.593262 0.896484;
333, 17.842136 0.227539 0.234863;
334, 17.837414 0.095703 0.645996;
335, 17.84178 0.043945 0.630859;
336, 0.228084 0.933594 0.390625;
337, 11.739736 0.071289 0.130371;
338, 11.768049 0.185547 0.51709;
339, 0.157552 0.915527 0.302734;
340, 17.848694 0.0625 0.921875;
341, 15.939168 0.333008 0.970215;
342, 17.020914 0.00293 0.442871;
343, 0.501775 0.871582 0.567383;
344, 13.856222 0.185547 0.026855;
345, 13.764445 0.29541 0.887207;
346, 0.024193 0.769043 0.672852;
347, 0.015128 0.748047 0.980469;
348, 9.023092 0.626953 0.938965;
349, 0.007921 0.829102 0.65918;
350, 0.026531 0.777832 0.293945;
351, 13.252834 0.255859 0.694824;
352, 9.616734 0.581543 0.058594;
353, 10.253806 0.379395 0.873047;
354, 6.123513 0.708496 0.023926;
355, 0.02317 0.750977 0.95459;
356, 0.01745 0.870117 0.842773;
357, 22.815567 0.588867 0.147461;
358, 23.686081 0.127441 0.28125;
359, 23.690395 0.233887 0.460938;
360, 23.172516 0.517578 0.585938;
361, 23.169104 0.47168 0.12207;
362, 23.169151 0.320312 0.334961;
363, 23.17272 0.354004 0.62207;
364, 23.171831 0.492188 0.671875;
365, 23.170429 0.276855 0.831055;
366, 23.310831 0.16748 0.020508;
367, 21.847757 0.711914 0.229492;
368, 23.054756 0.428223 0.616699;
369, 23.831116 0.013672 0.938477;
370, 0.22306 0.744629 0.151367;
371, 8.603475 0.404785 0.477051;
372, 8.656453 0.209961 0.035156;
373, 33.619846 0.466797 0.994141;
374, 33.613457 0.455566 0.449219;
375, 0.053072 0.899902 0.209473;
376, 20.554197 0.141602 0.780762;
377, 20.560957 0.114258 0.327148;
378, 0.299549 0.922363 0.160156;
379, 0.042376 0.76709 0.227539;
380, 8.906157 0.541504 0.800781;
381, 0.009353 0.945312 0.672852;
382, 0.009972 0.803223 0.059082;
383, 0.026469 0.783203 0.01416;
384, 19.874289 0.041016 0.507324;
385, 0.02813 0.981445 0.817383;
386, 9.676315 0.227051 0.126953;
387, 0.093235 0.972168 0.893555;
388, 16.79224 0.334473 0.303711;
389, 0.116881 0.890625 0.663574;
390, 1.167571 0.700195 0.57959;
391, 14.557009 0.512695 0.478027;
392, 14.484253 0.231934 0.458984;
393, 14.505034 0.524414 0.589355;
394, 0.069536 0.843262 0.994141;
395, 22.860348 0.067871 0.671387;
396, 20.725677 0.421387 0.936523;
397, 20.728468 0.29541 0.303711;
398, 0.073085 0.833496 0.231445;
399, 7.069451 0.563965 0.766602;
400, 7.047011 0.636719 0.099609;
401, 9.76053 0.134766 0.457031;
