0, 11.381468 0.3125 0.442383;
1, 12.357089 0.02832 0.396484;
2, 12.37408 0.01123 0.008789;
3, 0.164168 0.976074 0.604492;
4, 17.231089 0.166016 0.799805;
5, 17.244513 0.024414 0.002441;
6, 17.247805 0.025391 0.844727;
7, 17.243471 0.13916 0.929688;
8, 2.569763 0.71582 0.012207;
9, 0.032639 0.78418 0.078613;
10, 2.251054 0.689453 0.421875;
11, 9.243822 0.283203 0.369629;
12, 0.050668 0.83252 0.443848;
13, 7.232063 0.541992 0.661133;
14, 8.190915 0.156738 0.543457;
15, 0.406535 0.738281 0.087402;
16, 0.407218 0.73877 0.971191;
17, 6.576384 0.595703 0.563477;
18, 9.840057 0.065918 0.867188;
19, 0.924517 0.692871 0.024414;
20, 0.011709 0.973633 0.632324;
21, 3.160307 0.675781 0.571289;
22, 3.17014 0.613281 0.390137;
23, 5.767061 0.23291 0.639648;
24, 0.430478 0.733398 0.662109;
25, 12.856339 0.602539 0.482422;
26, 12.936619 0.453613 0.231934;
27, 12.92329 0.354492 0.118164;
28, 12.911512 0.256348 0.88623;
29, 12.952496 0.057617 0.317383;
30, 12.844585 0.65332 0.;
31, 14.245914 0.254395 0.209473;
32, 0.02015 0.981445 0.600586;
33, 10.783656 0.136719 0.373047;
34, 9.926366 0.268555 0.054199;
35, 9.9224 0.40625 0.625488;
36, 7.903617 0.660156 0.626953;
37, 7.870159 0.654785 0.848145;
38, 0.024686 0.913086 0.379883;
39, 3.763624 0.675293 0.748535;
40, 3.789614 0.567871 0.105469;
41, 7.802697 0.047852 0.196777;
42, 3.832034 0.578125 0.167969;
43, 5.303616 0.212402 0.335449;
44, 0.109415 0.919434 0.100586;
45, 7.574608 0.513672 0.554688;
46, 2.209509 0.739746 0.943359;
47, 2.207527 0.718262 0.40625;
48, 2.208934 0.708008 0.559082;
49, 7.262162 0.644043 0.664062;
50, 0.018816 0.794434 0.807617;
51, 16.178188 0.037598 0.733398;
52, 16.191715 0.095215 0.605957;
53, 9.209537 0.626953 0.327148;
54, 9.208996 0.549805 0.6875;
55, 13.00966 0.070801 0.760254;
56, 0.347601 0.908691 0.056152;
57, 0.025516 0.775879 0.556152;
58, 13.179451 0.182617 0.390137;
59, 0.208874 0.732422 0.115723;
60, 12.734075 0.121582 0.359375;
61, 12.749736 0.103516 0.011719;
62, 0.219217 0.734375 0.039551;
63, 7.152218 0.511719 0.758301;
64, 7.654354 0.150879 0.367188;
65, 0.026685 0.959473 0.933105;
66, 15.33884 0.005371 0.272461;
67, 14.108515 0.448242 0.37207;
68, 9.13699 0.589844 0.35791;
69, 0.029119 0.96582 0.730957;
70, 18.08289 0.193848 0.107422;
71, 2.62168 0.713867 0.833496;
72, 9.946485 0.627441 0.004395;
73, 9.94752 0.562988 0.46582;
74, 1.757154 0.732422 0.925293;
75, 3.944914 0.653809 0.490723;
76, 3.963234 0.576172 0.829102;
77, 0.02884 0.769043 0.125488;
78, 13.005707 0.257812 0.379883;
79, 9.868917 0.597168 0.661133;
80, 9.865394 0.57666 0.089844;
81, 6.100063 0.726562 0.30957;
82, 0.005235 0.980957 0.39209;
83, 0.047734 0.790039 0.635742;
84, 12.732365 0.63623 0.084961;
85, 6.317149 0.688965 0.948242;
86, 6.316819 0.647949 0.179199;
87, 6.428174 0.493652 0.837402;
88, 0.050713 0.95459 0.427246;
89, 6.967223 0.603027 0.285645;
90, 0.013468 0.794922 0.703613;
91, 0.0363 0.905762 0.088867;
92, 9.719723 0.424805 0.818359;
93, 0.02482 0.791016 0.299316;
94, 12.574287 0.601074 0.124023;
95, 13.713156 0.153809 0.867676;
96, 0.051616 0.796387 0.375488;
97, 18.118879 0.306152 0.140137;
98, 18.120974 0.353027 0.436035;
99, 0.018247 0.779297 0.496582;
100, 13.213122 0.171875 0.579102;
101, 0.062524 0.784668 0.70166;
102, 15.217926 0.126465 0.28125;
103, 9.65898 0.554199 0.920898;
104, 9.820501 0.405273 0.649902;
105, 10.063061 0.175781 0.36377;
106, 0.119197 0.935059 0.154297;
107, 0.022361 0.941406 0.299316;
108, 11.84206 0.364746 0.106445;
109, 14.036478 0.062012 0.859863;
110, 11.856524 0.398926 0.843262;
111, 11.844118 0.413574 0.731445;
112, 0.062469 0.841797 0.724609;
113, 11.06652 0.606445 0.874512;
114, 8.8908 0.722168 0.678711;
115, 12.070324 0.638672 0.223633;
116, 14.541717 0.13916 0.980469;
117, 14.457587 0.227539 0.879395;
118, 0.045867 0.794434 0.160645;
119, 16.138578 0.421875 0.118652;
120, 0.037346 0.820801 0.305176;
121, 0.014534 0.768555 0.099121;
122, 12.91136 0.316406 0.541504;
123, 12.903443 0.401855 0.234375;
124, 0.200743 0.735352 0.09082;
125, 6.633237 0.586426 0.854004;
126, 0.018864 0.792969 0.388672;
127, 0.046076 0.90625 0.575195;
128, 9.638916 0.415527 0.168457;
129, 9.281385 0.595215 0.19873;
130, 11.973455 0.04541 0.548828;
131, 11.97555 0.000488 0.659668;
132, 11.998738 0.146973 0.105469;
133, 11.981412 0.165039 0.680176;
134, 10.353613 0.283691 0.898926;
135, 10.317018 0.473145 0.929199;
136, 12.407805 0.09668 0.460938;
137, 10.342431 0.385742 0.653809;
138, 7.498933 0.681641 0.35498;
139, 0.031435 0.951172 0.708008;
140, 0.024898 0.814941 0.239258;
141, 6.729083 0.654785 0.37207;
142, 7.042686 0.445801 0.444824;
143, 7.798216 0.165527 0.594238;
144, 7.79458 0.223633 0.689453;
145, 0.115529 0.817383 0.175293;
146, 7.007937 0.58252 0.297363;
147, 6.968812 0.638672 0.683105;
148, 0.01753 0.833008 0.279297;
149, 1.441762 0.695801 0.989746;
150, 13.258869 0.346191 0.341309;
151, 0.180985 0.869141 0.811035;
152, 7.724021 0.458008 0.936523;
153, 7.747707 0.48291 0.786133;
154, 7.773794 0.389648 0.396484;
155, 8.224013 0.168945 0.116699;
156, 8.187803 0.117676 0.54541;
157, 7.726851 0.25 0.225586;
158, 7.138472 0.616699 0.783691;
159, 8.800665 0.164062 0.511719;
160, 8.774998 0.035645 0.98877;
161, 8.740946 0.189453 0.491699;
162, 0.060722 0.98584 0.03418;
163, 10.159678 0.436035 0.643555;
164, 10.023093 0.572754 0.272949;
165, 0.012263 0.750977 0.674805;
166, 17.184296 0.621582 0.553223;
167, 17.702433 0.229004 0.609375;
168, 17.726568 0.030273 0.359375;
169, 17.767921 0.096191 0.739746;
170, 17.713696 0.350586 0.187012;
171, 0.098335 0.905762 0.859863;
172, 0.022394 0.919434 0.369141;
173, 0.035874 0.988281 0.585938;
174, 18.554234 0.106934 0.124512;
175, 17.192474 0.289551 0.470215;
176, 17.187317 0.239258 0.447266;
177, 17.186989 0.102051 0.152344;
178, 17.180861 0.224609 0.013184;
179, 0.117607 0.82666 0.514648;
180, 0.021202 0.805176 0.318848;
181, 18.992558 0.365723 0.698242;
182, 18.990734 0.375 0.657227;
183, 0.077898 0.862793 0.690918;
184, 10.390578 0.356934 0.171387;
185, 0.100837 0.860352 0.399902;
186, 20.627756 0.013672 0.408691;
187, 0.225792 0.868652 0.256348;
188, 9.672797 0.411621 0.195312;
189, 9.031629 0.597168 0.824707;
190, 14.025856 0.101562 0.84375;
191, 14.047126 0.104004 0.292969;
192, 9.839396 0.301758 0.02832;
193, 10.875481 0.058105 0.213379;
194, 10.898619 0.001953 0.495605;
195, 7.542191 0.636719 0.903809;
196, 10.807819 0.065918 0.621094;
197, 0.274826 0.859863 0.503906;
198, 7.781313 0.476562 0.128418;
199, 0.034463 0.85791 0.789551;
200, 7.883613 0.47168 0.822754;
201, 7.88804 0.430176 0.105957;
202, 10.259957 0.130371 0.950195;
203, 10.255242 0.112305 0.510254;
204, 2.2839 0.703613 0.980469;
205, 15.119971 0.286133 0.87793;
206, 0.062456 0.867188 0.345703;
207, 9.596655 0.40625 0.237793;
208, 9.598351 0.449707 0.144531;
209, 2.488164 0.719727 0.533691;
210, 7.198419 0.516602 0.773926;
211, 7.215855 0.280273 0.630371;
212, 7.187353 0.392578 0.98584;
213, 6.99579 0.662109 0.468262;
214, 2.486488 0.71582 0.741211;
215, 11.963006 0.03125 0.352539;
216, 10.321051 0.491211 0.405273;
217, 7.36411 0.540039 0.765625;
218, 0.029691 0.772461 0.755859;
219, 12.333232 0.268066 0.605957;
220, 0.096529 0.844727 0.618652;
221, 0.058399 0.952148 0.791504;
222, 15.089363 0.595215 0.730469;
223, 0.005972 0.922852 0.505371;
224, 0.029899 0.739746 0.598145;
225, 11.709854 0.025879 0.945801;
226, 11.713415 0.080078 0.086426;
227, 11.707756 0.147461 0.089844;
228, 0.604891 0.707031 0.02832;
229, 14.206915 0.116699 0.165039;
230, 13.166893 0.515625 0.85498;
231, 0.894086 0.689453 0.569824;
232, 0.082934 0.873047 0.730469;
233, 48.403149 0.001953 0.964844;
234, 0.374835 0.898926 0.72998;
235, 19.872265 0.071777 0.597656;
236, 0.24781 0.745117 0.166992;
237, 7.134013 0.523438 0.716797;
238, 8.770603 0.129883 0.92627;
239, 8.726126 0.189453 0.310547;
240, 6.891626 0.666504 0.136719;
241, 10.821877 0.199707 0.039551;
242, 10.752614 0.348145 0.773926;
243, 2.417207 0.685059 0.694824;
244, 0.03017 0.975586 0.354492;
245, 0.055658 0.990723 0.961914;
246, 6.986191 0.592285 0.651855;
247, 6.962393 0.544922 0.709961;
248, 7.132689 0.396973 0.360352;
249, 6.908009 0.663086 0.405273;
250, 11.769794 0.130371 0.507324;
251, 10.000442 0.418457 0.737793;
252, 7.084115 0.538086 0.71582;
253, 0.004861 0.939453 0.530762;
254, 10.33781 0.397461 0.518066;
255, 13.370324 0.009277 0.82373;
256, 10.343667 0.492188 0.637695;
257, 7.647142 0.662109 0.270508;
258, 0.008608 0.756836 0.186035;
259, 14.479705 0.237305 0.401855;
260, 14.474972 0.022461 0.518066;
261, 8.353825 0.547363 0.238281;
262, 8.555781 0.313477 0.194336;
263, 8.39291 0.53125 0.68457;
264, 8.394577 0.532715 0.883301;
265, 8.393847 0.401855 0.08252;
266, 8.377442 0.370117 0.786133;
267, 3.74349 0.727539 0.191895;
268, 14.225091 0.146484 0.658691;
269, 13.818279 0.501953 0.015137;
270, 0.0385 0.825195 0.565918;
271, 23.493507 0.01416 0.1875;
272, 19.941629 0.675293 0.270996;
273, 0.022572 0.810059 0.42627;
274, 19.40752 0.180176 0.943359;
275, 16.434448 0.529297 0.87793;
276, 17.5364 0.082031 0.785156;
277, 16.457636 0.394531 0.970703;
278, 18.19409 0.020508 0.043945;
279, 15.976428 0.618652 0.953125;
280, 16.576857 0.1875 0.57666;
281, 16.572685 0.019531 0.109863;
282, 0.235215 0.890625 0.135742;
283, 0.062647 0.952637 0.063477;
284, 9.098365 0.449707 0.265137;
285, 8.972352 0.573242 0.413574;
286, 9.404433 0.333984 0.993652;
287, 0.106178 0.90332 0.490234;
288, 0.018113 0.915039 0.223633;
289, 17.934341 0.03125 0.549316;
290, 17.938011 0.018555 0.331055;
291, 9.682393 0.535645 0.10791;
292, 9.746197 0.46875 0.624023;
293, 9.765905 0.29834 0.625488;
294, 0.621953 0.736816 0.418457;
295, 0.039117 0.922852 0.806641;
296, 9.267323 0.39502 0.897949;
297, 9.280853 0.401367 0.972656;
298, 7.207976 0.647949 0.6875;
299, 7.180668 0.680176 0.875488;
300, 9.811353 0.265137 0.408203;
301, 0.129665 0.883301 0.456543;
302, 0.651774 0.711426 0.586914;
303, 7.154363 0.458984 0.293945;
304, 0.099352 0.928711 0.946289;
305, 0.023808 0.96582 0.814453;
306, 10.329451 0.398926 0.579102;
307, 10.314105 0.416016 0.147461;
308, 10.58396 0.169922 0.523438;
309, 10.314338 0.245605 0.741211;
310, 10.326731 0.287598 0.658203;
311, 10.495268 0.181152 0.042969;
312, 0.107126 0.928711 0.030762;
313, 14.090626 0.081543 0.059082;
314, 12.527537 0.571777 0.338867;
315, 12.881038 0.345215 0.006836;
316, 0.063254 0.8125 0.544434;
317, 21.259207 0.008789 0.868652;
318, 20.377226 0.359863 0.884277;
319, 20.375071 0.437012 0.8125;
320, 20.372721 0.38623 0.431152;
321, 16.963816 0.603027 0.481445;
322, 17.513153 0.302246 0.122559;
323, 18.228355 0.083984 0.854004;
324, 18.223482 0.010254 0.059082;
325, 0.160268 0.806152 0.245117;
326, 19.507872 0.571289 0.375977;
327, 18.325453 0.693359 0.155762;
328, 19.467749 0.589355 0.243652;
329, 19.457834 0.650391 0.92627;
330, 0.014534 0.84082 0.547852;
331, 12.804367 0.631348 0.699707;
332, 12.742463 0.671875 0.385742;
333, 13.722637 0.37793 0.178711;
334, 15.59182 0.052246 0.153809;
335, 15.60375 0.143066 0.645996;
336, 15.61216 0.116211 0.243164;
337, 13.78624 0.432617 0.407715;
338, 13.741796 0.306641 0.334473;
339, 12.853084 0.612305 0.589355;
340, 13.626402 0.219238 0.888672;
341, 0.097087 0.876953 0.128418;
342, 15.607049 0.197754 0.847168;
343, 0.17547 0.837891 0.919922;
344, 0.053381 0.743164 0.811523;
345, 2.027145 0.675293 0.639648;
346, 2.703062 0.465332 0.803223;
347, 4.920578 0.121094 0.940918;
348, 2.525294 0.577148 0.92041;
349, 7.213452 0.019531 0.204102;
350, 4.035849 0.270508 0.481934;
351, 1.407793 0.730469 0.972656;
352, 16.655159 0.612793 0.670898;
353, 18.456171 0.11084 0.218262;
354, 0.121072 0.763184 0.028809;
355, 16.293568 0.067383 0.490234;
356, 16.29512 0.106445 0.125;
357, 15.135695 0.498535 0.891113;
358, 0.008455 0.981445 0.489258;
359, 7.160644 0.565918 0.954102;
360, 7.550057 0.216309 0.481445;
361, 0.080606 0.823242 0.481934;
362, 0.029867 0.734863 0.708008;
363, 10.447576 0.185547 0.530273;
364, 7.178452 0.540039 0.507812;
365, 7.161016 0.499023 0.501465;
366, 0.014234 0.760742 0.036621;
367, 0.021541 0.773926 0.913574;
368, 0.024531 0.943359 0.56543;
369, 0.026955 0.979004 0.338379;
370, 13.742084 0.621094 0.;
371, 0.027395 0.787598 0.960938;
372, 0.504817 0.709473 0.098633;
373, 0.008577 0.79248 0.219727;
374, 0.018106 0.801758 0.929688;
375, 13.358625 0.223145 0.605469;
376, 9.78913 0.658691 0.837891;
377, 14.577599 0.104004 0.84668;
378, 0.240493 0.830566 0.546387;
379, 16.323528 0.239258 0.406738;
380, 16.310511 0.312988 0.661621;
381, 16.31525 0.385254 0.363281;
382, 8.687207 0.531738 0.772461;
383, 0.033363 0.978516 0.735352;
384, 22.21273 0.290039 0.660156;
385, 22.221548 0.227539 0.043945;
386, 7.595837 0.660645 0.805664;
387, 11.251825 0.078125 0.783203;
388, 7.687541 0.549805 0.847656;
389, 7.872351 0.405762 0.791992;
390, 11.731737 0.01123 0.729492;
391, 11.710549 0.23584 0.939453;
392, 11.753897 0.222168 0.354004;
393, 0.094593 0.967285 0.031738;
394, 0.038631 0.94043 0.756348;
395, 3.281579 0.675293 0.396484;
396, 0.043748 0.92041 0.540527;
397, 19.362793 0.016602 0.22168;
398, 18.39698 0.36084 0.177246;
399, 18.39736 0.404297 0.307129;
400, 7.475874 0.676758 0.899414;
401, 7.588633 0.491699 0.449707;
