0, 0.242092 0.750488 0.668457;
1, 13.982187 0.07666 0.214355;
2, 12.61136 0.335449 0.429688;
3, 1.648514 0.720703 0.548828;
4, 6.753538 0.569336 0.82959;
5, 6.76561 0.651367 0.053711;
6, 9.052647 0.272949 0.382812;
7, 0.035566 0.848145 0.11084;
8, 0.038268 0.921875 0.371094;
9, 20.616135 0.012695 0.50293;
10, 10.091128 0.534668 0.086426;
11, 11.831139 0.083008 0.865723;
12, 0.197584 0.917969 0.591309;
13, 17.537485 0.272461 0.291504;
14, 3.691887 0.686523 0.969238;
15, 10.083358 0.091309 0.013184;
16, 3.701021 0.678223 0.513672;
17, 0.023646 0.749023 0.318848;
18, 0.017527 0.761719 0.93457;
19, 7.374834 0.47998 0.147949;
20, 0.017076 0.76123 0.678711;
21, 6.384217 0.648438 0.422363;
22, 8.418933 0.234375 0.710449;
23, 0.017104 0.999512 0.619629;
24, 7.535098 0.530273 0.266602;
25, 0.048454 0.884766 0.145508;
26, 15.690906 0.19043 0.646973;
27, 0.041382 0.775879 0.033691;
28, 11.854781 0.475098 0.092285;
29, 0.082614 0.916016 0.223145;
30, 17.168219 0.125977 0.967285;
31, 17.179962 0.01123 0.672363;
32, 0.074322 0.968262 0.689941;
33, 11.106964 0.36377 0.23877;
34, 7.563787 0.620605 0.377441;
35, 0.023476 0.886719 0.87793;
36, 7.070171 0.55127 0.022949;
37, 6.97383 0.63916 0.822266;
38, 7.231083 0.433105 0.484863;
39, 7.260753 0.263672 0.174805;
40, 7.282501 0.441406 0.458008;
41, 0.022564 0.788574 0.543945;
42, 0.021622 0.846191 0.143555;
43, 8.636637 0.438965 0.42041;
44, 3.566898 0.687988 0.567871;
45, 5.521694 0.411621 0.500977;
46, 8.179224 0.058594 0.988281;
47, 5.503069 0.435059 0.986328;
48, 2.439854 0.70459 0.241211;
49, 7.057309 0.552734 0.603516;
50, 9.537703 0.062988 0.205566;
51, 9.521991 0.177246 0.774414;
52, 0.101432 0.776367 0.593262;
53, 2.683363 0.68457 0.683594;
54, 0.031313 0.829102 0.833008;
55, 18.509624 0.513184 0.169434;
56, 18.439703 0.649414 0.249512;
57, 19.316414 0.296875 0.94873;
58, 19.316135 0.40332 0.760742;
59, 19.309517 0.275391 0.613281;
60, 19.314226 0.230957 0.521973;
61, 19.319784 0.033691 0.108887;
62, 18.474266 0.587402 0.550781;
63, 18.482994 0.509766 0.816406;
64, 18.478931 0.401855 0.120605;
65, 0.042001 0.904297 0.229492;
66, 21.340069 0.072266 0.944824;
67, 20.468281 0.495605 0.338867;
68, 0.016078 0.811523 0.877441;
69, 13.444718 0.388184 0.843262;
70, 10.473677 0.6875 0.033203;
71, 11.744299 0.391602 0.121094;
72, 13.189267 0.066895 0.646973;
73, 0.086853 0.740723 0.0625;
74, 0.005035 0.869141 0.458496;
75, 7.494129 0.504395 0.444336;
76, 7.28891 0.654297 0.510254;
77, 7.31011 0.63916 0.785156;
78, 0.020475 0.748047 0.753418;
79, 0.015127 0.937012 0.393555;
80, 14.853041 0.145508 0.794434;
81, 14.458932 0.394531 0.567871;
82, 2.722292 0.726074 0.53125;
83, 14.131461 0.016113 0.455078;
84, 0.237115 0.855957 0.199707;
85, 0.032917 0.898438 0.918457;
86, 7.904701 0.444336 0.987793;
87, 7.156575 0.669434 0.48291;
88, 2.307818 0.729492 0.733887;
89, 0.057974 0.780762 0.051758;
90, 17.097498 0.626953 0.671875;
91, 17.803392 0.350586 0.901367;
92, 17.802599 0.42627 0.834961;
93, 0.024156 0.791016 0.298828;
94, 18.473686 0.253906 0.918945;
95, 18.477083 0.45752 0.590332;
96, 18.474138 0.325195 0.748047;
97, 18.467197 0.395996 0.796387;
98, 18.469534 0.402344 0.203613;
99, 10.401162 0.727051 0.038086;
100, 19.320089 0.069336 0.1875;
101, 12.738242 0.533203 0.907715;
102, 0.068658 0.881348 0.581543;
103, 8.747148 0.419434 0.902832;
104, 8.429817 0.546875 0.513672;
105, 7.315812 0.65625 0.152344;
106, 12.925862 0.092773 0.919434;
107, 7.405221 0.532227 0.581055;
108, 7.410841 0.492676 0.166016;
109, 7.458496 0.295898 0.936523;
110, 7.283305 0.626953 0.550293;
111, 7.279611 0.503418 0.589355;
112, 0.029359 0.774414 0.285645;
113, 0.02869 0.783691 0.136719;
114, 13.466016 0.392578 0.832031;
115, 0.013497 0.977051 0.704102;
116, 7.558418 0.503418 0.819336;
117, 9.753758 0.074707 0.046875;
118, 0.322934 0.882324 0.689453;
119, 7.58636 0.497559 0.015625;
120, 7.569122 0.428223 0.58252;
121, 0.057862 0.841309 0.621094;
122, 0.019602 0.991211 0.188477;
123, 15.368443 0.307129 0.344238;
124, 0.054814 0.775391 0.320312;
125, 14.739012 0.000488 0.57373;
126, 13.426105 0.472656 0.658203;
127, 0.044988 0.82666 0.65332;
128, 17.38582 0.533691 0.361816;
129, 0.006045 0.955566 0.240723;
130, 14.486036 0.163086 0.896973;
131, 4.656238 0.686035 0.129395;
132, 5.161354 0.593262 0.01416;
133, 7.012106 0.333008 0.936523;
134, 7.020026 0.302734 0.57959;
135, 8.456421 0.027344 0.692871;
136, 0.109744 0.755371 0.759277;
137, 13.049682 0.289551 0.272461;
138, 7.679456 0.542969 0.891602;
139, 7.71306 0.535156 0.078613;
140, 7.888261 0.203613 0.568848;
141, 7.783196 0.307129 0.89502;
142, 7.067208 0.638672 0.01123;
143, 9.734813 0.368164 0.705078;
144, 11.462201 0.02002 0.625977;
145, 9.745229 0.468262 0.10791;
146, 0.094028 0.872559 0.471191;
147, 13.969963 0.068359 0.609863;
148, 12.556588 0.40625 0.398438;
149, 2.38372 0.728516 0.927734;
150, 0.017472 0.788086 0.161621;
151, 15.037291 0.584961 0.124512;
152, 13.561184 0.687012 0.121582;
153, 17.762728 0.032227 0.20459;
154, 13.514716 0.694824 0.141113;
155, 15.562532 0.414551 0.433594;
156, 0.028822 0.997559 0.444336;
157, 19.717796 0.149902 0.393555;
158, 19.54846 0.462402 0.962402;
159, 0.013832 0.771484 0.686035;
160, 15.197305 0.616699 0.664551;
161, 17.00532 0.039062 0.244629;
162, 16.91165 0.106445 0.467285;
163, 4.153255 0.69873 0.651855;
164, 13.972611 0.549805 0.248047;
165, 14.169888 0.279297 0.911133;
166, 14.147115 0.460449 0.414551;
167, 0.043076 0.914551 0.390137;
168, 15.448694 0.200684 0.888672;
169, 9.41662 0.593262 0.033203;
170, 9.446456 0.606934 0.084473;
171, 10.836691 0.311035 0.248047;
172, 10.830998 0.300781 0.708496;
173, 10.837605 0.209473 0.124512;
174, 4.128947 0.692383 0.821777;
175, 0.057557 0.764648 0.78418;
176, 0.026625 0.732422 0.567871;
177, 0.035739 0.781738 0.601074;
178, 0.015667 0.981445 0.746582;
179, 0.034983 0.78418 0.820312;
180, 0.021257 0.819336 0.528809;
181, 20.69227 0.529785 0.018066;
182, 20.92395 0.157715 0.5625;
183, 0.146684 0.894043 0.290039;
184, 4.124813 0.675293 0.911133;
185, 4.204053 0.551758 0.37207;
186, 4.219787 0.493652 0.864258;
187, 7.361719 0.001465 0.853027;
188, 7.375885 0.013672 0.546387;
189, 7.373579 0.227051 0.017578;
190, 0.106759 0.93457 0.178223;
191, 0.02214 0.823242 0.396484;
192, 7.26149 0.516602 0.539062;
193, 7.196481 0.29248 0.419922;
194, 7.234683 0.452148 0.528809;
195, 2.940026 0.688477 0.436523;
196, 0.044425 0.875488 0.603027;
197, 0.028275 0.816895 0.954102;
198, 0.033966 0.952637 0.119629;
199, 8.94365 0.442383 0.63916;
200, 8.783213 0.528809 0.246094;
201, 8.876393 0.377441 0.266602;
202, 8.796182 0.522949 0.666504;
203, 8.802625 0.342285 0.377441;
204, 8.765031 0.434082 0.853516;
205, 0.105554 0.879883 0.696289;
206, 15.161366 0.59668 0.082031;
207, 16.995817 0.038086 0.410156;
208, 0.300584 0.879395 0.413086;
209, 7.078684 0.55957 0.876465;
210, 7.465635 0.40625 0.995605;
211, 7.483407 0.458496 0.739746;
212, 0.039848 0.921387 0.34668;
213, 12.5795 0.339355 0.274902;
214, 13.881941 0.037598 0.799805;
215, 0.407172 0.879395 0.841797;
216, 2.525161 0.681641 0.039551;
217, 0.009195 0.912109 0.093262;
218, 9.081842 0.470215 0.094238;
219, 0.063737 0.900879 0.82959;
220, 0.009824 0.98291 0.180664;
221, 9.931589 0.432617 0.21875;
222, 0.040622 0.76123 0.339355;
223, 15.414574 0.260742 0.016113;
224, 0.143311 0.856934 0.47998;
225, 0.007937 0.936523 0.197266;
226, 9.646111 0.226562 0.881836;
227, 0.106235 0.872559 0.518066;
228, 0.021117 0.739746 0.315918;
229, 6.865496 0.511719 0.059082;
230, 0.020765 0.915527 0.539062;
231, 19.480482 0.12207 0.139648;
232, 0.222877 0.93457 0.687012;
233, 0.048741 0.776367 0.436523;
234, 2.875021 0.678223 0.526367;
235, 0.035856 0.811035 0.793457;
236, 0.034824 0.782227 0.73584;
237, 8.98446 0.548828 0.709473;
238, 8.949649 0.641113 0.444824;
239, 8.916736 0.601562 0.075195;
240, 8.922923 0.569824 0.543945;
241, 9.369219 0.269043 0.625977;
242, 6.010962 0.70752 0.520508;
243, 6.00889 0.706543 0.286133;
244, 0.015847 0.833984 0.178223;
245, 17.818432 0.01416 0.419922;
246, 8.970612 0.569824 0.27002;
247, 0.036871 0.893066 0.912598;
248, 9.405238 0.374023 0.916992;
249, 0.19587 0.744629 0.337891;
250, 0.010302 0.937988 0.66748;
251, 14.904721 0.19043 0.606934;
252, 0.081318 0.789062 0.567871;
253, 7.845577 0.651855 0.86084;
254, 8.840098 0.382812 0.283203;
255, 8.793585 0.23291 0.856934;
256, 8.832071 0.408203 0.754395;
257, 8.872968 0.365723 0.557617;
258, 8.832071 0.474121 0.027832;
259, 10.657794 0.020508 0.422852;
260, 8.813272 0.318848 0.098145;
261, 8.851579 0.237793 0.209473;
262, 8.875229 0.291016 0.437988;
263, 0.124337 0.920898 0.078125;
264, 0.906399 0.705566 0.023438;
265, 6.637003 0.561035 0.26123;
266, 7.137491 0.388184 0.875;
267, 7.186873 0.384277 0.443359;
268, 7.184991 0.416504 0.470215;
269, 0.912793 0.699707 0.804688;
270, 0.047141 0.833984 0.380371;
271, 14.887138 0.216309 0.705566;
272, 0.128843 0.915039 0.298828;
273, 22.312418 0.080078 0.029297;
274, 20.628132 0.290039 0.740234;
275, 0.050728 0.981445 0.644531;
276, 7.481485 0.532227 0.783691;
277, 9.630855 0.492676 0.956055;
278, 7.442873 0.514648 0.351074;
279, 11.915157 0.055664 0.239746;
280, 7.382094 0.627441 0.953613;
281, 8.534953 0.376465 0.510742;
282, 8.51718 0.365723 0.866211;
283, 7.352597 0.549805 0.549805;
284, 7.402807 0.497559 0.09668;
285, 7.381825 0.341309 0.178711;
286, 0.018595 0.974609 0.374023;
287, 22.485922 0.071289 0.383789;
288, 21.651369 0.3125 0.979492;
289, 0.005027 0.960449 0.661621;
290, 3.483689 0.675293 0.327637;
291, 9.442971 0.004883 0.887207;
292, 9.435504 0.131836 0.580566;
293, 3.482587 0.658203 0.571289;
294, 7.066658 0.256836 0.489258;
295, 3.673882 0.575195 0.020508;
296, 5.255882 0.226562 0.677734;
297, 5.234515 0.239258 0.20752;
298, 5.242959 0.348633 0.388184;
299, 0.017058 0.966309 0.541016;
300, 0.053402 0.871582 0.663574;
301, 0.017191 0.849609 0.200195;
302, 0.025894 0.928223 0.674805;
303, 0.029289 0.746582 0.885254;
304, 0.540151 0.710449 0.362793;
305, 6.641029 0.559082 0.426758;
306, 8.506044 0.143555 0.88916;
307, 8.485624 0.210449 0.902832;
308, 0.543118 0.719727 0.641113;
309, 6.683154 0.541504 0.331055;
310, 0.01333 0.768555 0.779297;
311, 0.042026 0.89209 0.632812;
312, 0.019661 0.968262 0.685547;
313, 7.282679 0.540527 0.290039;
314, 7.193228 0.655273 0.431152;
315, 7.31285 0.494629 0.379883;
316, 7.228157 0.634766 0.305664;
317, 2.610816 0.699219 0.535645;
318, 15.733164 0.48877 0.288086;
319, 15.764964 0.208496 0.512207;
320, 15.78677 0.161621 0.301758;
321, 0.173434 0.956055 0.347168;
322, 0.025244 0.764648 0.31543;
323, 3.048347 0.683594 0.086426;
324, 3.186327 0.551758 0.962402;
325, 3.236586 0.484375 0.70752;
326, 3.485464 0.211426 0.453613;
327, 3.052791 0.669434 0.166504;
328, 7.942186 0.168457 0.300293;
329, 7.546131 0.397949 0.822754;
330, 0.061406 0.932129 0.033203;
331, 7.315927 0.553223 0.100098;
332, 7.765526 0.280762 0.317383;
333, 8.494286 0.094238 0.803223;
334, 7.362679 0.547852 0.279785;
335, 0.014378 0.772461 0.22168;
336, 15.112004 0.007324 0.566406;
337, 13.829768 0.489258 0.568848;
338, 13.84205 0.410156 0.099609;
339, 0.034717 0.985352 0.906738;
340, 7.208359 0.541016 0.738281;
341, 2.466805 0.719238 0.723633;
342, 0.016411 0.963379 0.102051;
343, 11.364727 0.38916 0.464844;
344, 11.390871 0.374512 0.898926;
345, 0.003871 0.990723 0.45752;
346, 17.294247 0.210449 0.161621;
347, 7.69549 0.678223 0.752441;
348, 7.806962 0.541504 0.474609;
349, 7.822899 0.519043 0.352051;
350, 0.033148 0.749512 0.9375;
351, 13.583179 0.044434 0.006836;
352, 13.574655 0.095703 0.979004;
353, 13.5708 0.220215 0.479004;
354, 12.149046 0.413574 0.491211;
355, 0.020875 0.939941 0.812012;
356, 15.82578 0.23291 0.078125;
357, 15.827589 0.068848 0.154297;
358, 15.805755 0.098145 0.192871;
359, 0.243445 0.893555 0.203613;
360, 19.373829 0.19873 0.368164;
361, 19.298145 0.334473 0.570312;
362, 0.111782 0.853516 0.508301;
363, 14.563227 0.154297 0.803223;
364, 14.286682 0.273926 0.482422;
365, 14.272561 0.337402 0.747559;
366, 7.200551 0.668945 0.775391;
367, 7.499937 0.437012 0.120117;
368, 7.525998 0.374023 0.518555;
369, 0.055933 0.773438 0.443359;
370, 9.286228 0.445801 0.489258;
371, 9.304159 0.416504 0.523926;
372, 9.309052 0.237793 0.549805;
373, 0.133237 0.850586 0.666992;
374, 13.924287 0.240723 0.71582;
375, 13.928129 0.086914 0.675781;
376, 13.93852 0.30127 0.843262;
377, 0.097198 0.835449 0.729004;
378, 0.056738 0.907227 0.08252;
379, 0.012677 0.953125 0.730469;
380, 0.011108 0.746582 0.60791;
381, 0.015766 0.754395 0.120117;
382, 7.636131 0.583008 0.430176;
383, 8.550591 0.216309 0.456543;
384, 3.83169 0.700195 0.586914;
385, 17.276865 0.269531 0.57959;
386, 17.246073 0.509766 0.498535;
387, 18.28426 0.001465 0.628418;
388, 15.514364 0.591309 0.376465;
389, 0.004615 0.775879 0.513184;
390, 14.445825 0.614746 0.585449;
391, 0.029147 0.748047 0.51709;
392, 0.032259 0.799316 0.277344;
393, 19.348173 0.12793 0.396973;
394, 19.338665 0.161133 0.586914;
395, 0.149771 0.929199 0.709961;
396, 13.797144 0.29834 0.06543;
397, 14.587734 0.138184 0.693848;
398, 0.091345 0.963867 0.698242;
399, 8.730317 0.45752 0.54541;
400, 0.067751 0.937012 0.456543;
401, 19.136106 0.117188 0.20752;
