0, 203.970978 0.041504 0.942871;
1, 0.250951 0.929199 0.323242;
2, 7.01272 0.597656 0.076172;
3, 9.6991 0.119629 0.938477;
4, 8.351954 0.423828 0.910156;
5, 6.994144 0.611328 0.463379;
6, 7.0004 0.560547 0.016602;
7, 33.29287 0.428711 0.993652;
8, 33.293602 0.42041 0.443848;
9, 33.290066 0.462402 0.987305;
10, 34.022331 0.09082 0.87207;
11, 7.206688 0.500977 0.333496;
12, 0.008489 0.791992 0.053711;
13, 24.557404 0.018555 0.962402;
14, 23.801151 0.455566 0.255859;
15, 23.802662 0.307617 0.0625;
16, 23.799967 0.300293 0.623535;
17, 17.584856 0.608887 0.241699;
18, 18.696377 0.164062 0.967285;
19, 18.703329 0.126953 0.885254;
20, 18.315029 0.382812 0.276855;
21, 17.59218 0.580566 0.233398;
22, 19.338341 0.093262 0.640625;
23, 19.347906 0.096191 0.812988;
24, 19.345995 0.015137 0.202637;
25, 17.591162 0.559082 0.310059;
26, 17.661026 0.447266 0.666016;
27, 0.010737 0.925781 0.938477;
28, 0.023831 0.913574 0.719727;
29, 14.41735 0.183594 0.822754;
30, 0.32515 0.877441 0.841797;
31, 15.259059 0.151855 0.080566;
32, 8.626121 0.562012 0.478027;
33, 2.338567 0.727051 0.59668;
34, 7.675253 0.426758 0.391602;
35, 9.766015 0.042969 0.136719;
36, 7.485211 0.552246 0.996094;
37, 0.062123 0.875 0.574219;
38, 7.117013 0.544434 0.547363;
39, 2.437239 0.705078 0.122559;
40, 2.441582 0.717773 0.427734;
41, 0.00944 0.995117 0.357422;
42, 7.753269 0.522949 0.182617;
43, 7.584835 0.637695 0.93457;
44, 9.397978 0.159668 0.387695;
45, 8.932079 0.327148 0.57959;
46, 0.034221 0.969727 0.861328;
47, 20.022472 0.139648 0.478027;
48, 19.683744 0.314941 0.277832;
49, 2.584466 0.714844 0.591309;
50, 10.413398 0.23291 0.48291;
51, 10.400921 0.215332 0.606934;
52, 10.438071 0.509277 0.377441;
53, 10.850749 0.15332 0.793945;
54, 7.473184 0.597168 0.787109;
55, 8.426682 0.224121 0.714844;
56, 8.442803 0.376953 0.893066;
57, 11.727713 0.009766 0.257812;
58, 8.474601 0.243164 0.096191;
59, 8.4427 0.213379 0.185059;
60, 8.484838 0.085938 0.651855;
61, 0.143482 0.812012 0.492676;
62, 0.383151 0.722168 0.695312;
63, 0.026947 0.932617 0.963867;
64, 0.038567 0.939453 0.12793;
65, 18.304064 0.233398 0.123047;
66, 3.161667 0.713867 0.333984;
67, 7.659427 0.493164 0.588867;
68, 7.63623 0.437988 0.717285;
69, 0.011153 0.890137 0.355469;
70, 9.589395 0.414551 0.65918;
71, 0.072674 0.873047 0.291504;
72, 13.563598 0.185547 0.444336;
73, 0.176057 0.902344 0.843262;
74, 7.343936 0.499023 0.525879;
75, 7.384476 0.562012 0.99707;
76, 7.726957 0.395508 0.953125;
77, 7.221384 0.674805 0.446777;
78, 11.421953 0.026855 0.415039;
79, 9.682795 0.483887 0.416504;
80, 0.10495 0.926758 0.445312;
81, 11.268796 0.191895 0.234375;
82, 7.566448 0.64502 0.180664;
83, 7.591462 0.516602 0.05957;
84, 7.521807 0.663086 0.042969;
85, 0.026011 0.839355 0.312988;
86, 9.514684 0.399414 0.742676;
87, 0.019563 0.954102 0.648926;
88, 21.223766 0.584473 0.874023;
89, 21.222952 0.669922 0.291504;
90, 22.700537 0.137207 0.484863;
91, 22.176476 0.419434 0.400879;
92, 21.287025 0.570312 0.324707;
93, 20.192165 0.711914 0.808105;
94, 21.220789 0.595703 0.280762;
95, 21.671471 0.304199 0.521973;
96, 21.669125 0.378418 0.969238;
97, 0.021048 0.793945 0.639648;
98, 0.016972 0.952148 0.228027;
99, 21.535511 0.166992 0.864258;
100, 9.207023 0.585449 0.663086;
101, 7.657275 0.648926 0.242676;
102, 7.680246 0.658691 0.44043;
103, 9.954687 0.342773 0.748535;
104, 11.54284 0.069336 0.489746;
105, 9.968828 0.307617 0.266113;
106, 2.820058 0.704102 0.37793;
107, 0.009489 0.987305 0.539551;
108, 7.222726 0.556152 0.432129;
109, 7.271842 0.515625 0.046387;
110, 9.422091 0.038574 0.870117;
111, 0.10647 0.938477 0.98584;
112, 7.72731 0.652344 0.817383;
113, 9.822835 0.165039 0.325195;
114, 9.196199 0.40332 0.0625;
115, 7.75369 0.665039 0.629883;
116, 0.026976 0.752441 0.429199;
117, 13.208765 0.171387 0.65625;
118, 0.068758 0.818848 0.583496;
119, 19.853245 0.257324 0.782227;
120, 0.133293 0.921387 0.224609;
121, 0.02242 0.910156 0.552246;
122, 7.808051 0.510254 0.270996;
123, 12.448125 0.108398 0.306152;
124, 7.822889 0.532227 0.57666;
125, 7.851979 0.233887 0.316406;
126, 7.779744 0.536133 0.510254;
127, 7.831422 0.300293 0.785645;
128, 7.848989 0.44043 0.931152;
129, 7.845688 0.368164 0.486816;
130, 2.594686 0.697754 0.477539;
131, 16.627382 0.464844 0.43457;
132, 16.39397 0.660156 0.703613;
133, 17.375296 0.268066 0.890137;
134, 17.652859 0.155762 0.336914;
135, 17.671314 0.187988 0.991211;
136, 17.390549 0.418457 0.914551;
137, 17.373083 0.382324 0.972656;
138, 17.398647 0.251953 0.439453;
139, 17.376547 0.024414 0.770996;
140, 0.20186 0.937012 0.418945;
141, 16.51573 0.019043 0.519531;
142, 0.142722 0.770508 0.595703;
143, 0.017983 0.810059 0.350586;
144, 20.21277 0.350586 0.338379;
145, 20.216909 0.346191 0.372559;
146, 20.216621 0.233887 0.933105;
147, 20.212542 0.497559 0.07959;
148, 21.09499 0.032715 0.125977;
149, 21.099842 0.110352 0.158691;
150, 21.095642 0.123047 0.665039;
151, 20.214849 0.480957 0.703125;
152, 0.01257 0.790527 0.852539;
153, 8.899985 0.561523 0.597656;
154, 8.918792 0.586914 0.938965;
155, 8.925609 0.512207 0.935547;
156, 8.897953 0.557129 0.756836;
157, 8.893035 0.483887 0.738281;
158, 0.021416 0.87793 0.3125;
159, 7.062374 0.654297 0.074707;
160, 7.142109 0.554199 0.46582;
161, 7.553104 0.233398 0.727051;
162, 0.052885 0.984375 0.478516;
163, 14.116754 0.184082 0.874023;
164, 9.275721 0.608887 0.85791;
165, 0.004261 0.797363 0.077637;
166, 20.656927 0.583496 0.062012;
167, 20.661896 0.560547 0.207031;
168, 20.829729 0.393066 0.178223;
169, 19.57959 0.703125 0.147461;
170, 20.664064 0.538086 0.418945;
171, 20.776197 0.1875 0.741699;
172, 0.152785 0.950195 0.331055;
173, 21.330252 0.597168 0.836426;
174, 22.490221 0.04541 0.118652;
175, 21.671188 0.268066 0.777832;
176, 0.048953 0.788574 0.701172;
177, 9.50683 0.574219 0.175293;
178, 11.056363 0.134766 0.111816;
179, 0.263366 0.852539 0.711426;
180, 15.706521 0.144531 0.410645;
181, 8.648145 0.574219 0.146973;
182, 12.402647 0.090332 0.626465;
183, 0.074927 0.958984 0.602539;
184, 0.048049 0.776367 0.790527;
185, 8.370588 0.462402 0.977051;
186, 8.385805 0.306152 0.354492;
187, 0.018619 0.780762 0.15625;
188, 2.119718 0.688965 0.012207;
189, 4.247757 0.449707 0.97998;
190, 7.379216 0.000977 0.581543;
191, 7.355916 0.109863 0.014648;
192, 4.221366 0.375 0.733887;
193, 3.934137 0.591797 0.478516;
194, 2.116926 0.714844 0.108887;
195, 11.202371 0.191895 0.165527;
196, 0.069261 0.773438 0.788086;
197, 11.783382 0.336914 0.246582;
198, 4.200322 0.699219 0.465332;
199, 20.276037 0.102051 0.348633;
200, 0.300724 0.907227 0.257324;
201, 8.891247 0.439941 0.67334;
202, 7.591098 0.648926 0.646973;
203, 7.594306 0.616211 0.540039;
204, 10.687218 0.010254 0.433105;
205, 10.722721 0.083984 0.09082;
206, 8.864065 0.395508 0.275391;
207, 0.003874 0.985352 0.448242;
208, 9.223494 0.463867 0.202637;
209, 9.209032 0.319336 0.010254;
210, 0.060534 0.836914 0.827148;
211, 0.00877 0.851074 0.415527;
212, 18.139837 0.085449 0.233887;
213, 0.270361 0.88916 0.233887;
214, 16.313686 0.035156 0.592773;
215, 16.318583 0.030762 0.736816;
216, 16.326435 0.003418 0.621094;
217, 7.478602 0.646973 0.411621;
218, 11.0926 0.041016 0.599121;
219, 0.160904 0.96875 0.884766;
220, 0.549662 0.712891 0.253418;
221, 1.463928 0.671875 0.277832;
222, 6.835822 0.253906 0.247559;
223, 6.838531 0.446289 0.34668;
224, 0.083455 0.93457 0.758789;
225, 6.876982 0.652832 0.115723;
226, 7.402571 0.414551 0.178711;
227, 9.565513 0.029297 0.208008;
228, 7.408773 0.375488 0.628906;
229, 0.084352 0.969238 0.350098;
230, 0.027859 0.9375 0.92334;
231, 2.556978 0.679688 0.397949;
232, 2.688019 0.555176 0.805664;
233, 2.534748 0.629395 0.219238;
234, 8.579205 0.007324 0.541992;
235, 6.088327 0.430176 0.46582;
236, 8.577022 0.012695 0.111816;
237, 6.09471 0.326172 0.26123;
238, 6.083677 0.347168 0.44873;
239, 0.010052 0.774414 0.026855;
240, 0.032228 0.775879 0.959961;
241, 0.006302 0.927734 0.176758;
242, 0.027528 0.966309 0.40918;
243, 7.618062 0.497559 0.407227;
244, 7.563653 0.443359 0.296387;
245, 7.613263 0.254395 0.73584;
246, 7.697891 0.035156 0.9375;
247, 7.621692 0.580566 0.204102;
248, 8.41598 0.356934 0.644043;
249, 8.413713 0.287109 0.060059;
250, 8.449227 0.311035 0.809082;
251, 0.08437 0.974121 0.477051;
252, 20.037724 0.189941 0.486328;
253, 20.025913 0.123047 0.567871;
254, 10.740385 0.61377 0.741699;
255, 10.773961 0.514648 0.314453;
256, 2.783138 0.697754 0.664062;
257, 10.019624 0.635742 0.01709;
258, 9.990436 0.561035 0.505371;
259, 9.942743 0.518555 0.428711;
260, 0.03351 0.781738 0.900391;
261, 0.005271 0.759766 0.020508;
262, 0.005335 0.914551 0.924805;
263, 15.401499 0.004395 0.872559;
264, 15.396474 0.148438 0.264648;
265, 2.402804 0.709961 0.798828;
266, 7.026523 0.547852 0.580078;
267, 11.29845 0.10791 0.881836;
268, 7.29812 0.480469 0.515625;
269, 0.070812 0.887695 0.664062;
270, 11.445112 0.357422 0.460449;
271, 11.466232 0.33252 0.670898;
272, 11.476022 0.40918 0.380371;
273, 11.477937 0.251953 0.892578;
274, 8.879472 0.564453 0.811035;
275, 8.875669 0.484863 0.526367;
276, 8.90784 0.422363 0.458008;
277, 8.889131 0.370605 0.447754;
278, 8.855744 0.565918 0.398438;
279, 2.421451 0.726562 0.196777;
280, 2.423538 0.714355 0.27832;
281, 0.014113 0.976074 0.325684;
282, 1.356835 0.694824 0.729004;
283, 17.690487 0.097656 0.232422;
284, 0.26907 0.90918 0.490234;
285, 0.007106 0.896973 0.024414;
286, 20.152893 0.135742 0.918945;
287, 19.638424 0.291504 0.851074;
288, 7.624425 0.63623 0.766602;
289, 7.644298 0.595215 0.741699;
290, 0.027104 0.789062 0.330566;
291, 19.345852 0.22168 0.36084;
292, 19.34115 0.408203 0.090332;
293, 19.344534 0.38623 0.53125;
294, 9.95825 0.703613 0.064941;
295, 0.028865 0.814453 0.622559;
296, 16.696514 0.382324 0.398438;
297, 16.713469 0.212891 0.43457;
298, 16.699251 0.519531 0.951172;
299, 13.94463 0.710938 0.354492;
300, 0.077206 0.895996 0.556152;
301, 0.112351 0.729492 0.607422;
302, 0.025321 0.984375 0.490723;
303, 7.219921 0.550781 0.624023;
304, 9.148243 0.132324 0.353516;
305, 0.236904 0.865234 0.580566;
306, 8.603318 0.445312 0.986816;
307, 0.011492 0.974121 0.920898;
308, 0.881902 0.703125 0.558594;
309, 0.029531 0.775391 0.571289;
310, 0.010407 0.931152 0.501953;
311, 0.033978 0.963867 0.322754;
312, 0.030946 0.828125 0.224609;
313, 0.064735 0.880371 0.46875;
314, 18.2171 0.090332 0.274414;
315, 0.146584 0.929688 0.940918;
316, 0.008134 0.874023 0.59375;
317, 13.252353 0.205566 0.887695;
318, 0.104975 0.97168 0.05957;
319, 0.024794 0.97168 0.479492;
320, 9.061234 0.424805 0.335449;
321, 0.068564 0.765625 0.764648;
322, 11.452426 0.282715 0.066895;
323, 8.320757 0.612305 0.702148;
324, 11.410815 0.087891 0.928223;
325, 9.430582 0.330566 0.26709;
326, 0.056665 0.918457 0.01416;
327, 0.018341 0.981934 0.057617;
328, 7.391295 0.572754 0.518555;
329, 7.296603 0.634766 0.17334;
330, 9.205437 0.291992 0.253418;
331, 9.518887 0.165527 0.831055;
332, 9.24554 0.379883 0.913574;
333, 7.387526 0.546387 0.260254;
334, 9.723044 0.023438 0.001465;
335, 7.380558 0.520996 0.975586;
336, 7.760121 0.168945 0.73291;
337, 7.731354 0.164062 0.772461;
338, 0.14374 0.944336 0.738281;
339, 11.290857 0.34668 0.808105;
340, 8.839627 0.575684 0.220215;
341, 9.549058 0.361328 0.89502;
342, 9.64672 0.183594 0.052734;
343, 9.540345 0.287598 0.774414;
344, 0.152162 0.88916 0.336426;
345, 14.919526 0.210938 0.592773;
346, 7.41755 0.651367 0.111816;
347, 12.084917 0.113281 0.946777;
348, 12.098764 0.09082 0.851562;
349, 9.525325 0.269043 0.459961;
350, 9.801109 0.049805 0.000488;
351, 9.53768 0.283203 0.057617;
352, 7.529257 0.554199 0.94043;
353, 7.509557 0.506836 0.484863;
354, 0.068747 0.989258 0.650879;
355, 0.02112 0.915527 0.22168;
356, 21.228868 0.060547 0.196777;
357, 10.503014 0.575195 0.641113;
358, 12.530272 0.02832 0.255859;
359, 12.549435 0.09375 0.83252;
360, 12.564368 0.146484 0.021484;
361, 11.0078 0.318359 0.516602;
362, 11.127552 0.178711 0.929688;
363, 7.642622 0.683105 0.452148;
364, 10.772793 0.23584 0.328125;
365, 10.760524 0.104004 0.094238;
366, 0.202676 0.903809 0.176758;
367, 8.500153 0.43457 0.824219;
368, 10.43859 0.065918 0.440918;
369, 0.327296 0.921875 0.22998;
370, 0.037673 0.988281 0.601074;
371, 18.377623 0.116211 0.111816;
372, 0.130676 0.839844 0.373535;
373, 18.117476 0.604492 0.073242;
374, 19.678444 0.061523 0.632812;
375, 18.739698 0.285645 0.481934;
376, 18.116869 0.556152 0.925781;
377, 18.215921 0.405273 0.013184;
378, 18.210487 0.270508 0.199707;
379, 18.216759 0.51709 0.834473;
380, 18.114794 0.591309 0.623535;
381, 0.009512 0.83252 0.75293;
382, 19.322418 0.39502 0.985352;
383, 19.318815 0.437988 0.021484;
384, 19.777161 0.121582 0.53125;
385, 19.786633 0.120117 0.059082;
386, 19.788801 0.165039 0.230957;
387, 19.318319 0.499512 0.359375;
388, 20.5511 0.117188 0.633789;
389, 20.549181 0.020508 0.777344;
390, 0.298903 0.930664 0.812988;
391, 12.340341 0.307129 0.015137;
392, 12.372636 0.335449 0.453613;
393, 12.362279 0.312012 0.895996;
394, 12.358267 0.450684 0.433105;
395, 0.07646 0.850586 0.813477;
396, 49.238297 0.091309 0.874023;
397, 7.139409 0.663086 0.935059;
398, 7.923654 0.398926 0.555176;
399, 7.926113 0.299316 0.611816;
400, 0.179184 0.894043 0.963379;
401, 0.025438 0.75 0.98291;
