0, 0.156528 0.925781 0.766113;
1, 19.592655 0.209961 0.44873;
2, 9.672852 0.585938 0.424316;
3, 0.026487 0.774414 0.946289;
4, 0.029057 0.922852 0.121094;
5, 8.674104 0.652344 0.296387;
6, 8.753708 0.495117 0.683105;
7, 0.014888 0.911133 0.775391;
8, 0.031249 0.905273 0.653809;
9, 19.168293 0.288086 0.594238;
10, 19.471937 0.148926 0.605469;
11, 19.472559 0.135254 0.577148;
12, 0.133067 0.838867 0.977539;
13, 16.948111 0.569824 0.568848;
14, 19.423624 0.094238 0.061523;
15, 17.198137 0.254883 0.224121;
16, 17.199966 0.235352 0.150879;
17, 17.186918 0.276367 0.287598;
18, 0.024288 0.996582 0.321777;
19, 10.636029 0.416504 0.634277;
20, 10.283451 0.555664 0.592285;
21, 10.603863 0.202637 0.313477;
22, 0.059411 0.768066 0.396484;
23, 0.013943 0.84082 0.364746;
24, 0.023557 0.858398 0.20459;
25, 19.671314 0.00293 0.749512;
26, 19.672018 0.134277 0.40625;
27, 18.70715 0.41748 0.306152;
28, 9.439418 0.572266 0.283203;
29, 0.042222 0.81543 0.933105;
30, 12.63013 0.42041 0.371582;
31, 0.046302 0.822266 0.29834;
32, 4.763157 0.662598 0.099121;
33, 0.026085 0.961914 0.534668;
34, 16.173117 0.243164 0.604492;
35, 0.04692 0.971191 0.951172;
36, 0.019566 0.747559 0.824707;
37, 6.712441 0.579102 0.287598;
38, 0.013056 0.987305 0.214355;
39, 0.028876 0.840332 0.375977;
40, 21.243374 0.614746 0.882812;
41, 23.115166 0.102051 0.533691;
42, 0.395138 0.876465 0.556152;
43, 16.743137 0.102051 0.51709;
44, 0.152047 0.853516 0.181641;
45, 0.053906 0.745117 0.962402;
46, 9.603794 0.636719 0.499023;
47, 0.038899 0.91748 0.133301;
48, 12.12149 0.369141 0.043945;
49, 14.640926 0.010254 0.505371;
50, 0.103897 0.791016 0.638672;
51, 15.72406 0.172363 0.813965;
52, 10.645373 0.523438 0.816406;
53, 0.003429 0.986328 0.26416;
54, 0.04805 0.898926 0.407227;
55, 0.005186 0.916992 0.64209;
56, 0.010819 0.770508 0.553711;
57, 0.264212 0.719727 0.183105;
58, 8.184762 0.372559 0.755859;
59, 8.131289 0.370117 0.446289;
60, 11.067282 0.067383 0.588867;
61, 11.08811 0.078613 0.37793;
62, 0.084508 0.740234 0.40332;
63, 6.861454 0.594727 0.634766;
64, 0.013775 0.808594 0.056152;
65, 16.187304 0.039551 0.788086;
66, 0.17905 0.959961 0.648926;
67, 35.231808 0.241699 0.859863;
68, 2.56405 0.716309 0.138184;
69, 11.232429 0.166016 0.37793;
70, 10.918513 0.25 0.901855;
71, 11.012448 0.187012 0.298828;
72, 7.059842 0.645996 0.600586;
73, 0.008011 0.95459 0.111328;
74, 13.898675 0.327637 0.326172;
75, 0.130191 0.951172 0.29834;
76, 0.023633 0.99707 0.37793;
77, 7.908197 0.484863 0.69043;
78, 0.023357 0.845215 0.550293;
79, 10.676488 0.36377 0.374023;
80, 8.491926 0.597168 0.636719;
81, 0.07274 0.897461 0.352051;
82, 17.66721 0.172363 0.57373;
83, 9.309273 0.557129 0.813477;
84, 0.242016 0.743164 0.395996;
85, 6.935222 0.548828 0.913086;
86, 9.366675 0.020996 0.28418;
87, 7.174645 0.380859 0.05127;
88, 0.057155 0.815918 0.211426;
89, 17.522728 0.027832 0.900879;
90, 0.083087 0.788574 0.819824;
91, 0.034803 0.881348 0.35791;
92, 2.423025 0.687012 0.005859;
93, 12.189879 0.055176 0.750977;
94, 12.173006 0.022949 0.371582;
95, 0.298148 0.914062 0.874023;
96, 12.408804 0.624512 0.825684;
97, 12.473624 0.64209 0.812012;
98, 13.613092 0.225098 0.333496;
99, 13.559148 0.153809 0.960938;
100, 12.375129 0.645508 0.916016;
101, 13.507252 0.319336 0.813965;
102, 0.051594 0.780762 0.596191;
103, 9.937093 0.47168 0.205566;
104, 9.934081 0.337891 0.490234;
105, 9.948221 0.247559 0.578125;
106, 6.827844 0.685059 0.956055;
107, 0.013439 0.899902 0.907715;
108, 0.053657 0.801758 0.267578;
109, 18.957382 0.255371 0.815918;
110, 0.121597 0.923828 0.603516;
111, 0.038559 0.833008 0.435547;
112, 18.151142 0.07666 0.243652;
113, 17.103067 0.500977 0.276367;
114, 7.259368 0.646484 0.690918;
115, 8.923122 0.208008 0.978516;
116, 8.885838 0.067871 0.219727;
117, 0.170935 0.819336 0.128906;
118, 7.173665 0.547852 0.530273;
119, 7.389373 0.390137 0.883789;
120, 7.135575 0.530273 0.958984;
121, 7.159216 0.512207 0.791504;
122, 0.017381 0.90918 0.39209;
123, 0.032016 0.914062 0.123535;
124, 18.267214 0.287109 0.442383;
125, 18.259949 0.402832 0.848145;
126, 20.427158 0.093262 0.037109;
127, 0.270567 0.902832 0.375977;
128, 7.137587 0.564453 0.175781;
129, 7.604168 0.246094 0.647949;
130, 0.026795 0.768555 0.507812;
131, 0.056511 0.84082 0.782715;
132, 13.49369 0.633301 0.904297;
133, 13.573983 0.458008 0.260254;
134, 0.00738 0.865234 0.050781;
135, 3.005012 0.681152 0.867676;
136, 0.037709 0.854004 0.837402;
137, 7.008536 0.569336 0.211914;
138, 6.960193 0.668945 0.931641;
139, 7.056551 0.551758 0.720703;
140, 7.289512 0.294434 0.091309;
141, 0.04648 0.963867 0.278809;
142, 2.75649 0.679688 0.817383;
143, 4.198294 0.410645 0.70459;
144, 4.197544 0.378418 0.035156;
145, 4.627084 0.187988 0.129883;
146, 3.187573 0.551758 0.113281;
147, 3.198231 0.546875 0.188965;
148, 3.22955 0.583496 0.973145;
149, 0.004878 0.973633 0.260742;
150, 0.681894 0.711914 0.80127;
151, 9.591443 0.25293 0.915527;
152, 9.547947 0.497559 0.185547;
153, 0.023938 0.928711 0.848633;
154, 6.92003 0.649414 0.232422;
155, 6.906109 0.609863 0.158203;
156, 6.944274 0.558105 0.497559;
157, 7.559445 0.187988 0.684082;
158, 7.305764 0.508301 0.54248;
159, 7.276825 0.453613 0.54248;
160, 9.476522 0.017578 0.35791;
161, 9.512186 0.001465 0.827148;
162, 6.900048 0.560059 0.12207;
163, 0.048033 0.810547 0.039062;
164, 7.824962 0.485352 0.165527;
165, 7.973747 0.196777 0.647461;
166, 7.79115 0.383301 0.17041;
167, 7.821273 0.610352 0.016113;
168, 9.756178 0.168457 0.699219;
169, 9.419795 0.412598 0.09375;
170, 11.177861 0.108887 0.071289;
171, 0.083987 0.751953 0.490723;
172, 0.0322 0.757812 0.735352;
173, 16.326708 0.618652 0.873047;
174, 17.770035 0.112305 0.333008;
175, 0.142808 0.811523 0.660645;
176, 21.125708 0.61377 0.132812;
177, 21.138041 0.597168 0.910156;
178, 10.604371 0.6875 0.922363;
179, 0.055033 0.916504 0.38916;
180, 7.341134 0.539062 0.351562;
181, 2.759517 0.697266 0.035156;
182, 2.903136 0.678223 0.936035;
183, 0.599288 0.738281 0.530762;
184, 0.074433 0.86084 0.916016;
185, 18.15914 0.607422 0.485352;
186, 18.139198 0.549805 0.540039;
187, 18.143648 0.531738 0.633789;
188, 0.013367 0.874512 0.592773;
189, 9.282426 0.366699 0.865234;
190, 9.285284 0.477539 0.002441;
191, 0.013175 0.940918 0.098633;
192, 17.190882 0.018066 0.692383;
193, 16.089102 0.296387 0.330566;
194, 0.093459 0.875 0.226562;
195, 0.017129 0.861816 0.264648;
196, 10.931961 0.380371 0.320312;
197, 13.493701 0. 0.661133;
198, 2.553295 0.70166 0.649902;
199, 11.666091 0.194336 0.212402;
200, 11.667658 0.141602 0.669922;
201, 7.378787 0.60791 0.453613;
202, 8.790556 0.384766 0.305176;
203, 8.79461 0.512207 0.555176;
204, 10.632981 0.005859 0.156738;
205, 8.821644 0.299805 0.058105;
206, 7.058702 0.63623 0.745117;
207, 0.008268 0.822266 0.85498;
208, 14.686497 0.489258 0.989258;
209, 0.069638 0.865723 0.428711;
210, 20.427477 0.600586 0.375;
211, 21.09169 0.160645 0.091797;
212, 21.087227 0.023438 0.643555;
213, 0.248556 0.861328 0.061523;
214, 21.410675 0.321289 0.60498;
215, 7.436667 0.677246 0.858887;
216, 7.469327 0.568359 0.75293;
217, 7.805891 0.407227 0.026367;
218, 7.842061 0.28125 0.358398;
219, 8.380937 0.02002 0.61377;
220, 8.375253 0.128906 0.175293;
221, 0.091392 0.793457 0.20166;
222, 0.028583 0.913086 0.172852;
223, 0.015568 0.936035 0.818359;
224, 0.025556 0.815918 0.276367;
225, 16.433487 0.162598 0.571289;
226, 16.443214 0.197266 0.263184;
227, 8.471601 0.54834 0.320312;
228, 8.686434 0.328613 0.001953;
229, 2.266794 0.709961 0.875;
230, 8.604134 0.373047 0.729492;
231, 8.588385 0.258789 0.63916;
232, 8.590042 0.456055 0.856445;
233, 8.626476 0.382812 0.679688;
234, 0.003989 0.986816 0.896484;
235, 0.027986 0.842773 0.377441;
236, 0.391661 0.718262 0.768066;
237, 0.013811 0.84082 0.741211;
238, 23.428814 0.363281 0.934082;
239, 24.455841 0.101562 0.548828;
240, 23.428278 0.512695 0.901855;
241, 0.017387 0.76416 0.675293;
242, 12.762967 0.131836 0.133789;
243, 0.172914 0.971191 0.20752;
244, 0.02577 0.924805 0.801758;
245, 0.029729 0.922363 0.720215;
246, 20.844625 0.239746 0.258789;
247, 2.490922 0.715332 0.334961;
248, 0.031547 0.971191 0.097168;
249, 0.005924 0.879883 0.21875;
250, 0.017098 0.75293 0.578125;
251, 14.740225 0.009277 0.455566;
252, 14.728409 0.07666 0.206055;
253, 14.712085 0.033691 0.229492;
254, 0.140571 0.831055 0.824707;
255, 23.290262 0.116211 0.572754;
256, 0.256452 0.857422 0.779297;
257, 0.031271 0.958984 0.777344;
258, 8.557314 0.44043 0.779785;
259, 7.527771 0.624023 0.975098;
260, 0.036232 0.880859 0.302246;
261, 0.286468 0.720215 0.059082;
262, 12.120028 0.261719 0.792969;
263, 0.034581 0.999512 0.780273;
264, 20.786745 0.046387 0.058594;
265, 2.729265 0.695801 0.732422;
266, 13.940015 0.425293 0.299316;
267, 13.583699 0.683105 0.180664;
268, 15.605853 0.286133 0.697266;
269, 16.066723 0.01123 0.976562;
270, 13.654871 0.614258 0.829102;
271, 0.049364 0.914062 0.271484;
272, 16.220119 0.216797 0.813477;
273, 16.201906 0.364746 0.962402;
274, 0.025388 0.766113 0.385254;
275, 0.058038 0.902832 0.930664;
276, 0.053935 0.931152 0.843262;
277, 21.257195 0.61084 0.459961;
278, 21.437563 0.415039 0.472656;
279, 22.01045 0.124023 0.084473;
280, 21.388628 0.505371 0.081055;
281, 0.010345 0.833496 0.001465;
282, 6.96813 0.595703 0.387695;
283, 6.971208 0.578613 0.509766;
284, 9.134641 0.140625 0.81543;
285, 7.009808 0.532227 0.952148;
286, 7.020273 0.321289 0.911621;
287, 0.070972 0.868652 0.171387;
288, 7.022776 0.589844 0.701172;
289, 7.041392 0.533691 0.50293;
290, 9.311943 0.059082 0.855469;
291, 6.987833 0.663086 0.742188;
292, 0.034421 0.893555 0.70459;
293, 6.988509 0.576172 0.133301;
294, 10.022241 0.11084 0.669434;
295, 6.937658 0.674805 0.227051;
296, 12.847285 0.081543 0.823242;
297, 0.28217 0.899902 0.749023;
298, 0.022968 0.825684 0.788574;
299, 0.026152 0.891113 0.092285;
300, 7.332016 0.544922 0.345215;
301, 7.797425 0.189453 0.066406;
302, 7.825144 0.12207 0.830078;
303, 7.808271 0.055664 0.193848;
304, 7.570017 0.437988 0.208496;
305, 11.325747 0.009766 0.432129;
306, 11.348325 0.20752 0.852539;
307, 7.588783 0.432617 0.572754;
308, 9.680128 0.020996 0.265137;
309, 9.684749 0.061523 0.144043;
310, 3.352634 0.691895 0.401367;
311, 3.801484 0.650879 0.260742;
312, 3.832702 0.586914 0.369629;
313, 4.146751 0.455078 0.885254;
314, 4.751282 0.179199 0.428711;
315, 4.159081 0.259766 0.803711;
316, 4.15138 0.29834 0.872559;
317, 5.77051 0.046875 0.708496;
318, 4.135983 0.353516 0.821777;
319, 3.825237 0.555176 0.680176;
320, 7.409189 0.006836 0.237305;
321, 4.332484 0.263184 0.556152;
322, 0.108205 0.904785 0.711426;
323, 8.967052 0.410156 0.995117;
324, 0.07324 0.864258 0.015137;
325, 21.356232 0.175781 0.719238;
326, 21.360336 0.036133 0.543945;
327, 10.245973 0.558594 0.226562;
328, 0.006048 0.75293 0.44043;
329, 7.232223 0.603516 0.26123;
330, 7.23464 0.63623 0.952148;
331, 47.629585 0.056152 0.903809;
332, 0.139325 0.797363 0.044434;
333, 18.629564 0.608398 0.728027;
334, 0.043269 0.925293 0.820801;
335, 20.248566 0.304199 0.374512;
336, 0.017637 0.776367 0.151367;
337, 0.124488 0.731445 0.541504;
338, 12.924114 0.157227 0.333008;
339, 0.243492 0.896973 0.944336;
340, 15.186373 0.236328 0.796387;
341, 0.097648 0.902344 0.197754;
342, 7.27189 0.553711 0.833496;
343, 7.721955 0.182129 0.286621;
344, 7.766945 0.085449 0.886719;
345, 7.544369 0.317383 0.724609;
346, 3.230276 0.686523 0.44043;
347, 3.796515 0.626953 0.510254;
348, 0.035733 0.875977 0.303711;
349, 0.01714 0.944336 0.802246;
350, 0.036278 0.880371 0.815918;
351, 0.018336 0.9375 0.108398;
352, 0.037499 0.921875 0.239746;
353, 0.024702 0.816406 0.024902;
354, 18.396612 0.202637 0.711914;
355, 18.397461 0.033691 0.00293;
356, 18.405886 0.019043 0.861816;
357, 18.359089 0.298828 0.560059;
358, 3.367675 0.687988 0.285156;
359, 0.031579 0.929199 0.083984;
360, 11.758144 0.098145 0.78418;
361, 9.920955 0.435059 0.137695;
362, 9.900179 0.361816 0.745117;
363, 9.929248 0.452637 0.864258;
364, 0.011362 0.894043 0.125;
365, 0.028122 0.992676 0.332031;
366, 0.029152 0.735352 0.792969;
367, 10.871396 0.145508 0.486328;
368, 10.121922 0.378906 0.54834;
369, 10.12539 0.373047 0.903809;
370, 10.132053 0.21582 0.416992;
371, 6.622635 0.617676 0.183594;
372, 7.983975 0.365234 0.233398;
373, 11.480823 0.056152 0.243652;
374, 0.093521 0.958008 0.905762;
375, 0.006643 0.817871 0.969727;
376, 11.607058 0.48291 0.212402;
377, 11.618521 0.395508 0.660645;
378, 11.608312 0.280273 0.926758;
379, 0.151254 0.874023 0.472656;
380, 7.861421 0.651367 0.414062;
381, 7.996094 0.463867 0.685547;
382, 5.312806 0.71582 0.60498;
383, 11.080942 0.251465 0.875977;
384, 11.070261 0.435059 0.201172;
385, 0.027881 0.913574 0.990234;
386, 1.088194 0.700195 0.157227;
387, 1.087532 0.685547 0.039062;
388, 5.483185 0.372559 0.320801;
389, 5.485794 0.48584 0.842285;
390, 0.062045 0.9375 0.098145;
391, 18.330656 0.243164 0.168457;
392, 18.348534 0.246094 0.081543;
393, 18.377348 0.208984 0.291992;
394, 18.374481 0.044434 0.663086;
395, 18.361647 0.141113 0.080566;
396, 18.34399 0.250488 0.242188;
397, 18.41444 0.130371 0.404297;
398, 11.009843 0.594238 0.747559;
399, 0.039468 0.941895 0.149414;
400, 3.729224 0.671387 0.661133;
401, 0.01732 0.79834 0.081543;
